-0.5336
0.4198
1.0000
-0.4044
0.4223
1.0000
-0.2885
0.4093
1.0000
-0.1565
0.4094
1.0000
-0.0399
0.4083
1.0000
0.0847
0.4010
1.0000
0.2139
0.3985
1.0000
0.3217
0.3864
1.0000
0.4329
0.3940
1.0000
-0.5637
0.3387
1.0000
-0.4184
0.3309
1.0000
-0.2915
0.3325
1.0000
-0.1527
0.3260
1.0000
-0.0314
0.3199
1.0000
0.1060
0.3270
1.0000
0.2319
0.2988
1.0000
0.3421
0.2939
1.0000
0.4561
0.3052
1.0000
-0.5941
0.2257
1.0000
-0.4446
0.2173
1.0000
-0.2977
0.2080
1.0000
-0.1593
0.2077
1.0000
-0.0223
0.2084
1.0000
0.1268
0.1950
1.0000
0.2474
0.1968
1.0000
0.3636
0.1845
1.0000
0.4819
0.1928
1.0000
-0.6118
0.0720
1.0000
-0.4410
0.0826
1.0000
-0.3048
0.0660
1.0000
-0.1551
0.0689
1.0000
-0.0130
0.0701
1.0000
0.1151
0.0753
1.0000
0.2620
0.0715
1.0000
0.3660
0.0660
1.0000
0.4942
0.0716
1.0000
-0.6050
-0.0780
1.0000
-0.4545
-0.0699
1.0000
-0.3100
-0.0746
1.0000
-0.1552
-0.0717
1.0000
-0.0273
-0.0626
1.0000
0.1289
-0.0754
1.0000
0.2449
-0.0634
1.0000
0.3754
-0.0689
1.0000
0.4933
-0.0700
1.0000
-0.5989
-0.2134
1.0000
-0.4344
-0.2047
1.0000
-0.2974
-0.2169
1.0000
-0.1654
-0.2027
1.0000
-0.0318
-0.2012
1.0000
0.1092
-0.1914
1.0000
0.2345
-0.1815
1.0000
0.3492
-0.1853
1.0000
0.4732
-0.1836
1.0000
-0.5676
-0.3340
1.0000
-0.4456
-0.3351
1.0000
-0.2901
-0.3163
1.0000
-0.1597
-0.3075
1.0000
-0.0319
-0.3006
1.0000
0.0897
-0.3015
1.0000
0.2111
-0.2957
1.0000
0.3150
-0.2826
1.0000
0.4432
-0.2773
1.0000
-0.5530
-0.4242
1.0000
-0.4165
-0.4065
1.0000
-0.2865
-0.3949
1.0000
-0.1570
-0.3987
1.0000
-0.0415
-0.3868
1.0000
0.0800
-0.3827
1.0000
0.1879
-0.3738
1.0000
0.2955
-0.3666
1.0000
0.4099
-0.3691
1.0000
-0.5381
-0.4873
1.0000
-0.3939
-0.4795
1.0000
-0.2775
-0.4784
1.0000
-0.1551
-0.4571
1.0000
-0.0475
-0.4447
1.0000
0.0577
-0.4509
1.0000
0.1716
-0.4376
1.0000
0.2736
-0.4367
1.0000
0.3683
-0.4218
1.0000
-83.7305
65.1989
155.2106
-64.2735
65.1054
157.1450
-44.7048
65.5513
158.9794
-25.4071
66.6410
161.6284
-5.8921
66.5780
163.3765
14.8930
66.7818
166.0485
35.0114
66.7135
168.8125
55.1245
66.4596
171.4326
74.8107
67.9401
175.1901
-82.1350
48.5999
144.1414
-61.9503
48.9437
146.7016
-42.8435
49.3607
149.0641
-22.5982
49.3811
151.5511
-3.8627
48.8539
153.7705
17.3118
49.9092
157.2936
36.7390
48.5283
159.3185
57.1022
49.3170
162.3335
75.6042
49.3267
164.8750
-80.9062
30.3602
136.1078
-62.3809
29.8334
138.5955
-42.1384
29.4474
141.4641
-23.2746
30.3405
144.4518
-3.0774
30.3996
147.2894
17.9694
29.8538
150.1637
36.8413
29.9487
153.0887
56.2163
30.1280
155.7983
76.9343
30.0651
158.4422
-80.9022
9.9839
132.1102
-60.9519
9.7831
134.7052
-41.5678
10.1034
137.7905
-21.9467
9.8474
140.8380
-2.4194
10.2862
143.8442
17.0894
10.1006
146.8548
37.4953
10.9324
149.9296
57.1590
10.1224
152.6799
76.7198
10.5776
155.9549
-80.6287
-9.8825
132.2002
-61.0044
-9.3246
135.2786
-42.1005
-9.9426
138.3813
-22.0694
-10.1506
141.3870
-3.1707
-10.1969
144.3211
17.5890
-9.8872
147.6344
36.9313
-9.6723
150.6349
57.1191
-9.4568
153.7764
77.3451
-9.4141
156.7961
-81.2611
-28.5160
136.1779
-61.7876
-29.3203
139.4963
-41.8950
-29.3040
142.5816
-23.7324
-29.5553
145.4559
-3.8289
-28.9765
148.4867
16.8063
-29.0938
152.1715
36.6189
-29.3388
154.9793
55.6080
-29.5191
158.1530
76.5436
-29.8262
161.6485
-82.5978
-47.8176
143.9134
-64.0089
-47.6702
146.7580
-42.9513
-48.4288
150.3838
-23.9351
-47.5192
153.1368
-4.5113
-47.3389
155.9544
15.1273
-47.4910
159.0110
34.5472
-48.1494
162.6732
54.6484
-48.3066
165.7756
75.3016
-47.5793
169.1933
-85.0165
-65.3802
154.2481
-65.1957
-65.0831
157.0899
-45.4364
-64.8607
159.8386
-25.3271
-65.1768
163.4293
-5.5869
-65.5540
166.6899
13.4041
-65.6260
170.0570
32.4229
-65.7211
173.0066
52.4302
-65.6082
176.2065
73.1617
-65.2353
179.3414
-87.6770
-80.3797
165.3010
-66.9115
-81.5636
169.3082
-47.4161
-81.2571
172.0248
-27.5924
-80.4165
176.4397
-7.8163
-81.0913
178.6924
11.1324
-81.0556
182.0193
31.8819
-80.6848
185.7810
51.3465
-80.2366
189.2223
71.2106
-80.2522
192.2424
