-0.4179
0.2879
1.0000
-0.3271
0.2755
1.0000
-0.2337
0.2948
1.0000
-0.1303
0.3017
1.0000
-0.0244
0.3072
1.0000
0.0872
0.3112
1.0000
0.1789
0.3262
1.0000
0.3024
0.3298
1.0000
0.3997
0.3439
1.0000
-0.4722
0.2306
1.0000
-0.3614
0.2359
1.0000
-0.2461
0.2432
1.0000
-0.1286
0.2553
1.0000
-0.0164
0.2558
1.0000
0.0974
0.2580
1.0000
0.1957
0.2621
1.0000
0.3221
0.2739
1.0000
0.4366
0.2885
1.0000
-0.4927
0.1640
1.0000
-0.3781
0.1759
1.0000
-0.2684
0.1822
1.0000
-0.1481
0.1805
1.0000
-0.0346
0.1962
1.0000
0.1025
0.1882
1.0000
0.2212
0.1833
1.0000
0.3454
0.1991
1.0000
0.4674
0.2042
1.0000
-0.5440
0.0676
1.0000
-0.4224
0.0737
1.0000
-0.2959
0.0744
1.0000
-0.1517
0.0739
1.0000
-0.0281
0.0865
1.0000
0.1031
0.0881
1.0000
0.2386
0.1003
1.0000
0.3773
0.0947
1.0000
0.5018
0.1049
1.0000
-0.5805
-0.0580
1.0000
-0.4381
-0.0470
1.0000
-0.3103
-0.0437
1.0000
-0.1651
-0.0406
1.0000
-0.0316
-0.0380
1.0000
0.1158
-0.0319
1.0000
0.2413
-0.0179
1.0000
0.3929
-0.0359
1.0000
0.5331
-0.0194
1.0000
-0.5893
-0.1855
1.0000
-0.4433
-0.1814
1.0000
-0.3018
-0.1857
1.0000
-0.1734
-0.1759
1.0000
-0.0298
-0.1771
1.0000
0.1086
-0.1745
1.0000
0.2658
-0.1761
1.0000
0.3915
-0.1657
1.0000
0.5396
-0.1703
1.0000
-0.5943
-0.3279
1.0000
-0.4682
-0.3171
1.0000
-0.3051
-0.3452
1.0000
-0.1573
-0.3192
1.0000
-0.0346
-0.3166
1.0000
0.1109
-0.3176
1.0000
0.2577
-0.3053
1.0000
0.4045
-0.3174
1.0000
0.5401
-0.2997
1.0000
-0.5954
-0.4589
1.0000
-0.4380
-0.4619
1.0000
-0.3008
-0.4425
1.0000
-0.1557
-0.4677
1.0000
-0.0091
-0.4571
1.0000
0.1118
-0.4603
1.0000
0.2432
-0.4497
1.0000
0.3855
-0.4392
1.0000
0.5210
-0.4269
1.0000
-0.5781
-0.5721
1.0000
-0.4031
-0.5717
1.0000
-0.2874
-0.5639
1.0000
-0.1491
-0.5681
1.0000
-0.0210
-0.5530
1.0000
0.1032
-0.5594
1.0000
0.2458
-0.5411
1.0000
0.3686
-0.5236
1.0000
0.4821
-0.5311
1.0000
-83.3687
55.7425
195.0806
-63.8330
56.1114
193.8831
-44.2331
57.0355
192.7518
-24.8490
58.5722
192.2293
-5.4501
59.0543
190.5792
15.5585
60.0196
189.6632
35.7268
60.7525
188.3582
56.0410
61.4197
187.1526
75.9737
63.4863
187.2154
-83.4660
41.3522
181.1768
-63.2126
42.2534
180.1812
-43.9293
43.7390
179.1861
-23.7563
44.4162
177.7734
-4.9114
44.7790
176.3060
16.5536
46.5150
176.1269
35.8090
46.1393
173.8395
56.6490
47.7259
173.3278
75.1731
48.3639
172.5231
-83.5996
26.9515
167.5163
-64.8767
27.4798
166.3569
-44.5753
27.7127
165.0268
-25.4083
29.1915
164.6235
-5.1251
29.9803
163.6541
16.1314
30.4195
162.3385
35.1582
30.9432
161.7176
54.7433
31.8684
160.9270
75.6963
32.5565
159.8898
-84.0170
10.5256
155.0856
-63.9077
10.8876
153.9755
-44.3689
11.9483
153.5029
-24.5146
12.2482
152.7385
-4.8139
13.1460
152.2043
14.8398
13.4510
151.6387
35.4875
14.7870
151.3581
55.3849
14.6626
150.3011
75.1564
15.3488
150.1498
-83.6768
-7.1013
145.7904
-63.7065
-6.1609
145.7567
-44.6166
-6.3267
145.0795
-24.3294
-6.0618
144.5562
-5.1638
-5.8062
144.2600
15.7743
-5.0106
144.1020
35.3572
-4.4274
143.9746
55.7488
-3.8100
143.7254
76.2434
-3.4339
143.3533
-83.1641
-25.5297
140.9216
-63.5295
-25.9228
140.6332
-43.3206
-25.5232
140.4735
-24.9916
-25.5454
140.5623
-4.8670
-24.6127
140.4923
16.0580
-24.3809
140.7593
36.1025
-24.3453
140.5315
55.4064
-24.2089
140.6219
76.4796
-24.1796
140.7204
-83.0330
-46.2690
139.5141
-64.1805
-45.8461
139.8031
-42.8288
-46.3164
139.9503
-23.7077
-45.0267
140.2998
-3.9158
-44.4610
140.5037
15.9581
-44.2636
140.6785
35.6536
-44.7478
141.2379
56.0274
-44.5587
141.5468
76.7755
-43.4446
142.1477
-83.4575
-66.5778
142.5065
-63.4591
-65.9474
142.9712
-43.4581
-65.2347
143.1359
-23.1492
-65.2655
143.6592
-3.0685
-65.3376
144.2195
16.0955
-65.1360
144.9375
35.4860
-64.9048
145.6100
55.8505
-64.3179
146.5358
76.7363
-63.5028
147.1491
-83.9442
-84.5087
148.6920
-62.8840
-85.5272
149.4275
-43.1650
-84.8489
149.3341
-23.0595
-84.2166
149.7664
-3.1653
-84.1337
150.6228
16.0477
-83.6763
151.9018
36.8408
-83.0101
152.9171
56.6445
-82.1562
154.0168
76.4656
-81.5211
154.5217
