-0.4682
0.3887
1.0000
-0.3931
0.4085
1.0000
-0.2965
0.4404
1.0000
-0.1876
0.4579
1.0000
-0.0509
0.4687
1.0000
0.0761
0.4745
1.0000
0.2084
0.4693
1.0000
0.3367
0.4711
1.0000
0.4292
0.4692
1.0000
-0.4643
0.2687
1.0000
-0.4026
0.2936
1.0000
-0.2918
0.3102
1.0000
-0.1762
0.3291
1.0000
-0.0455
0.3439
1.0000
0.1047
0.3519
1.0000
0.2148
0.3474
1.0000
0.3406
0.3454
1.0000
0.4244
0.3368
1.0000
-0.4697
0.1566
1.0000
-0.4018
0.1770
1.0000
-0.2864
0.1777
1.0000
-0.1664
0.2031
1.0000
-0.0521
0.2062
1.0000
0.1005
0.2206
1.0000
0.2173
0.2103
1.0000
0.3262
0.2180
1.0000
0.4403
0.2108
1.0000
-0.4797
0.0374
1.0000
-0.4028
0.0507
1.0000
-0.2794
0.0653
1.0000
-0.1697
0.0680
1.0000
-0.0336
0.0724
1.0000
0.0890
0.0950
1.0000
0.2238
0.0885
1.0000
0.3373
0.0894
1.0000
0.4395
0.0816
1.0000
-0.4866
-0.0806
1.0000
-0.3865
-0.0657
1.0000
-0.2929
-0.0700
1.0000
-0.1607
-0.0593
1.0000
-0.0400
-0.0640
1.0000
0.1147
-0.0545
1.0000
0.2262
-0.0337
1.0000
0.3570
-0.0374
1.0000
0.4519
-0.0278
1.0000
-0.4760
-0.1904
1.0000
-0.3867
-0.1923
1.0000
-0.2861
-0.1950
1.0000
-0.1712
-0.1917
1.0000
-0.0239
-0.1895
1.0000
0.1093
-0.1936
1.0000
0.2405
-0.1731
1.0000
0.3614
-0.1670
1.0000
0.4587
-0.1580
1.0000
-0.4956
-0.3205
1.0000
-0.3966
-0.3378
1.0000
-0.2773
-0.3307
1.0000
-0.1627
-0.3253
1.0000
-0.0187
-0.3225
1.0000
0.1138
-0.3143
1.0000
0.2450
-0.3103
1.0000
0.3559
-0.2861
1.0000
0.4567
-0.2781
1.0000
-0.4894
-0.4535
1.0000
-0.3942
-0.4602
1.0000
-0.2845
-0.4746
1.0000
-0.1419
-0.4667
1.0000
-0.0037
-0.4629
1.0000
0.1218
-0.4626
1.0000
0.2501
-0.4415
1.0000
0.3583
-0.4195
1.0000
0.4697
-0.3977
1.0000
-0.4972
-0.5670
1.0000
-0.3700
-0.5974
1.0000
-0.2570
-0.6038
1.0000
-0.1497
-0.6030
1.0000
0.0005
-0.6073
1.0000
0.1230
-0.5889
1.0000
0.2561
-0.5719
1.0000
0.3702
-0.5394
1.0000
0.4645
-0.5205
1.0000
-83.1153
66.8465
175.3467
-65.5405
67.6648
166.7939
-47.3023
68.9296
159.4761
-28.4943
70.9092
154.5017
-8.9939
71.3128
151.7770
12.0196
72.4069
151.4738
32.2483
73.1219
153.4745
52.2897
73.6107
157.5776
71.3357
76.0956
163.4675
-82.3986
46.9202
173.5007
-64.0822
48.4093
164.6547
-46.1620
49.9936
157.8577
-26.2327
50.9749
153.0593
-7.3886
51.2791
150.9053
14.0588
53.4009
151.0056
33.5532
52.7431
153.1323
53.8387
54.2886
157.3550
71.5669
54.9907
163.2065
-81.7879
27.0733
171.7609
-64.8740
27.9178
163.5067
-45.5766
28.8264
156.7035
-26.9090
30.7462
152.5418
-6.6300
31.8207
150.2791
14.6829
32.2372
150.4631
33.6776
33.2383
152.9459
52.8385
34.1830
157.1586
72.8517
34.7080
163.6526
-81.5835
6.6285
170.1289
-63.3469
7.7709
161.3058
-44.7308
9.3152
155.2223
-25.2475
10.1500
151.2119
-5.5150
11.5870
149.4194
14.2324
12.3164
149.9435
34.7386
14.0506
152.5014
54.2529
14.0625
156.8480
72.8678
15.3107
163.9092
-80.9358
-12.9059
167.7645
-62.5576
-11.0904
159.9087
-44.3129
-10.6031
154.1887
-24.3103
-9.6723
150.1565
-5.1986
-8.8201
148.7036
15.8290
-7.5468
149.4503
35.2674
-6.3866
152.2560
55.1623
-5.3629
157.1515
74.4607
-4.6108
164.0559
-80.0057
-31.9141
166.1301
-61.9262
-31.3595
158.5461
-42.5599
-30.1065
152.6943
-24.3918
-29.4135
149.4775
-4.2991
-27.8522
147.9864
16.6037
-27.0568
149.3699
36.5409
-26.4355
152.1321
55.2627
-25.9307
157.0294
75.2727
-25.5026
164.1178
-79.5703
-52.5083
164.0702
-62.0260
-51.1997
157.4555
-41.4490
-50.7559
151.3582
-22.5306
-48.7561
148.4363
-2.6791
-47.5502
147.4967
17.1256
-46.7573
148.6104
36.6405
-46.7335
151.8938
56.3896
-46.1156
156.9613
75.7995
-44.4977
164.4523
-79.5563
-72.8782
162.8430
-60.7311
-71.3898
155.9729
-41.4814
-69.7695
150.5856
-21.3196
-69.1402
147.5450
-1.2158
-68.6346
146.6858
17.9219
-67.9389
148.2675
37.2122
-67.2849
151.7461
56.5006
-66.2717
156.7818
76.3340
-65.0470
164.0311
-79.2209
-91.7725
161.6921
-59.4641
-91.8038
154.4638
-40.4598
-90.2671
149.3589
-20.5239
-88.9980
146.4931
-0.3393
-88.4067
146.1104
18.7472
-87.6115
147.9664
39.1805
-86.5972
151.9048
58.1764
-85.5075
157.5076
77.2715
-84.6348
164.4015
