-0.5139
0.3818
1.0000
-0.3870
0.3720
1.0000
-0.2726
0.3827
1.0000
-0.1571
0.3768
1.0000
-0.0371
0.3660
1.0000
0.0906
0.3642
1.0000
0.2023
0.3721
1.0000
0.3213
0.3647
1.0000
0.4328
0.3620
1.0000
-0.5567
0.3118
1.0000
-0.4167
0.3237
1.0000
-0.2902
0.3165
1.0000
-0.1475
0.3157
1.0000
-0.0281
0.3056
1.0000
0.1057
0.3007
1.0000
0.2225
0.2845
1.0000
0.3646
0.2831
1.0000
0.4648
0.2903
1.0000
-0.6096
0.2183
1.0000
-0.4571
0.2205
1.0000
-0.3000
0.2037
1.0000
-0.1565
0.2005
1.0000
-0.0139
0.2036
1.0000
0.1241
0.1943
1.0000
0.2525
0.1938
1.0000
0.3841
0.1861
1.0000
0.5097
0.1840
1.0000
-0.6229
0.0855
1.0000
-0.4611
0.0776
1.0000
-0.3142
0.0720
1.0000
-0.1705
0.0737
1.0000
-0.0224
0.0721
1.0000
0.1137
0.0601
1.0000
0.2589
0.0657
1.0000
0.3844
0.0656
1.0000
0.5221
0.0592
1.0000
-0.6186
-0.0724
1.0000
-0.4659
-0.0615
1.0000
-0.3103
-0.0779
1.0000
-0.1534
-0.0856
1.0000
-0.0277
-0.0736
1.0000
0.1284
-0.0755
1.0000
0.2546
-0.0757
1.0000
0.3842
-0.0755
1.0000
0.5264
-0.0728
1.0000
-0.5912
-0.2067
1.0000
-0.4454
-0.2042
1.0000
-0.3002
-0.2068
1.0000
-0.1682
-0.2021
1.0000
-0.0269
-0.1983
1.0000
0.1154
-0.2000
1.0000
0.2308
-0.1961
1.0000
0.3601
-0.2017
1.0000
0.4898
-0.2020
1.0000
-0.5613
-0.2923
1.0000
-0.4316
-0.2979
1.0000
-0.2754
-0.2986
1.0000
-0.1516
-0.3008
1.0000
-0.0366
-0.2932
1.0000
0.0899
-0.2902
1.0000
0.2124
-0.3006
1.0000
0.3300
-0.2973
1.0000
0.4487
-0.2929
1.0000
-0.5287
-0.3638
1.0000
-0.3962
-0.3601
1.0000
-0.2812
-0.3501
1.0000
-0.1577
-0.3572
1.0000
-0.0353
-0.3611
1.0000
0.0638
-0.3589
1.0000
0.1911
-0.3621
1.0000
0.2920
-0.3526
1.0000
0.4208
-0.3537
1.0000
-0.4966
-0.4200
1.0000
-0.3689
-0.4129
1.0000
-0.2612
-0.4127
1.0000
-0.1582
-0.4104
1.0000
-0.0435
-0.4045
1.0000
0.0635
-0.4121
1.0000
0.1647
-0.4215
1.0000
0.2718
-0.4174
1.0000
0.3725
-0.4113
1.0000
-82.9983
61.1073
159.4814
-63.7515
60.9146
160.9651
-44.1691
61.1881
162.6609
-24.8703
61.9278
165.1593
-5.3396
61.8394
166.3188
15.5353
62.2046
168.5237
35.7467
62.1637
170.2133
55.8745
61.8729
172.0398
75.7072
62.9722
175.6894
-81.7724
47.1966
145.0209
-61.5335
47.3970
147.1934
-42.3050
47.6997
149.2366
-22.2014
47.4255
151.1751
-3.2410
46.8518
152.9494
17.9524
47.6064
156.0499
37.4399
46.0796
157.5721
57.8898
46.5451
160.1756
76.3877
46.3575
162.4647
-80.5963
30.3121
134.6721
-62.0548
29.6152
136.6289
-41.7752
28.9650
138.8020
-22.7964
29.6243
141.4555
-2.5809
29.3887
143.8355
18.5444
28.6534
146.2984
37.4973
28.4902
148.8818
56.8758
28.4451
151.1795
77.7442
28.0339
153.4438
-80.8240
10.2090
129.5276
-60.8554
9.6440
131.8188
-41.3583
9.8020
134.3895
-21.7412
9.3100
136.9692
-2.0933
9.4493
139.4963
17.4506
9.0266
142.0502
37.9693
9.6450
144.5152
57.6893
8.6619
146.7294
77.3964
8.7363
149.4810
-81.0292
-9.6752
131.1916
-61.2416
-9.3938
133.5390
-42.2867
-10.2214
136.0369
-22.1384
-10.6966
138.3821
-3.1850
-10.9691
140.6669
17.6490
-10.9718
143.2587
37.1393
-10.9331
145.6160
57.4147
-10.9709
148.1017
77.7114
-11.2306
150.3999
-82.1416
-27.3888
138.3819
-62.5656
-28.5178
140.6432
-42.4921
-28.8859
142.7005
-24.3064
-29.5056
144.8753
-4.2267
-29.2430
146.7951
16.6079
-29.6152
149.6431
36.5295
-30.2124
151.7641
55.5426
-30.6319
154.1336
76.6543
-31.3209
156.7719
-83.8480
-44.5792
149.5629
-65.1278
-44.8655
151.5222
-43.8373
-46.0764
154.1585
-24.7265
-45.7936
155.5645
-5.0889
-46.0501
157.2600
14.6496
-46.6500
159.0871
34.1846
-47.8432
161.6901
54.5236
-48.4574
163.7405
75.2575
-48.1366
165.8121
-86.3271
-59.7235
163.4607
-66.1457
-59.3736
166.1029
-46.3601
-59.5574
167.7810
-26.1597
-60.5551
169.6514
-6.4169
-62.0422
171.0209
12.8083
-62.8964
172.9367
31.9941
-63.8368
174.2481
52.1541
-64.4619
175.9378
73.1474
-64.8977
177.5273
-88.5173
-73.4928
175.9012
-67.7299
-74.3003
179.9219
-48.2529
-74.1175
181.8060
-27.8431
-74.5472
183.8228
-8.2701
-75.7180
185.1596
10.8723
-76.7134
186.7665
31.6744
-77.7786
188.1592
51.3539
-78.6121
189.1876
71.3283
-79.4583
190.5249
