-0.5220
0.4310
1.0000
-0.4067
0.4278
1.0000
-0.2936
0.4362
1.0000
-0.1623
0.4556
1.0000
-0.0412
0.4524
1.0000
0.1019
0.4528
1.0000
0.2247
0.4707
1.0000
0.3590
0.4594
1.0000
0.4969
0.4793
1.0000
-0.5287
0.3146
1.0000
-0.4132
0.3233
1.0000
-0.2792
0.3216
1.0000
-0.1674
0.3295
1.0000
-0.0412
0.3368
1.0000
0.1003
0.3502
1.0000
0.2362
0.3446
1.0000
0.3886
0.3584
1.0000
0.5186
0.3617
1.0000
-0.5343
0.1971
1.0000
-0.4239
0.1935
1.0000
-0.2951
0.1927
1.0000
-0.1745
0.2067
1.0000
-0.0448
0.1998
1.0000
0.1011
0.2117
1.0000
0.2378
0.2152
1.0000
0.3685
0.2273
1.0000
0.5359
0.2301
1.0000
-0.5419
0.0566
1.0000
-0.4138
0.0597
1.0000
-0.3016
0.0654
1.0000
-0.1640
0.0622
1.0000
-0.0398
0.0780
1.0000
0.0940
0.0705
1.0000
0.2377
0.0862
1.0000
0.3796
0.0849
1.0000
0.5227
0.0871
1.0000
-0.5357
-0.0723
1.0000
-0.4087
-0.0564
1.0000
-0.2902
-0.0620
1.0000
-0.1630
-0.0670
1.0000
-0.0363
-0.0651
1.0000
0.1047
-0.0548
1.0000
0.2349
-0.0541
1.0000
0.3845
-0.0545
1.0000
0.5293
-0.0540
1.0000
-0.5126
-0.1930
1.0000
-0.3998
-0.1901
1.0000
-0.2687
-0.1872
1.0000
-0.1516
-0.1898
1.0000
-0.0377
-0.1877
1.0000
0.0997
-0.1877
1.0000
0.2386
-0.1871
1.0000
0.3683
-0.1908
1.0000
0.5068
-0.1807
1.0000
-0.4987
-0.3009
1.0000
-0.3851
-0.3021
1.0000
-0.2603
-0.3052
1.0000
-0.1387
-0.2874
1.0000
-0.0201
-0.3103
1.0000
0.1013
-0.2932
1.0000
0.2228
-0.2966
1.0000
0.3680
-0.2983
1.0000
0.5000
-0.3076
1.0000
-0.4917
-0.4124
1.0000
-0.3720
-0.3998
1.0000
-0.2524
-0.4014
1.0000
-0.1346
-0.4029
1.0000
-0.0062
-0.4083
1.0000
0.1104
-0.4033
1.0000
0.2289
-0.4089
1.0000
0.3505
-0.4088
1.0000
0.4860
-0.4122
1.0000
-0.4807
-0.5075
1.0000
-0.3521
-0.5184
1.0000
-0.2401
-0.5104
1.0000
-0.1176
-0.5062
1.0000
-0.0064
-0.5039
1.0000
0.1071
-0.5166
1.0000
0.2335
-0.5053
1.0000
0.3505
-0.5047
1.0000
0.4731
-0.5075
1.0000
-84.2092
69.4735
161.9112
-64.7519
69.1856
160.0866
-45.2898
69.5170
158.1141
-25.7716
70.5790
156.8320
-6.3071
70.1824
155.2262
14.6787
70.4854
153.9581
34.9008
70.5029
152.6295
55.1509
70.3755
151.2711
75.1941
72.0005
151.0580
-84.1795
49.6850
158.7154
-63.8992
50.1429
156.7744
-44.8631
50.7182
154.6934
-24.5134
50.9019
152.7493
-5.7226
50.5209
150.8826
15.6520
51.9345
149.3003
35.0147
50.6478
147.3256
55.6206
51.6186
145.6157
74.2332
51.8744
144.2379
-84.1084
29.8081
157.0065
-65.4235
29.5886
155.0585
-45.1257
29.4869
152.9472
-26.0735
30.7435
150.9624
-5.8735
31.0314
148.8170
15.2440
30.8361
146.5898
34.3417
31.2740
144.8576
53.8275
31.7131
142.8839
74.7226
31.9445
140.7053
-84.3184
9.2286
157.0724
-64.2769
9.2989
154.7372
-44.8297
9.9507
152.5440
-25.0678
9.9917
150.6812
-5.4122
10.7112
148.4663
14.2531
10.8244
146.5882
34.7010
12.0064
144.4147
54.6005
11.5361
142.3570
74.2722
12.2469
140.6643
-83.6224
-10.5219
158.1105
-63.7849
-9.6769
156.1177
-44.7915
-9.9965
154.2066
-24.5511
-9.8290
152.2085
-5.5013
-9.6392
150.4895
15.4309
-9.0075
148.6465
34.8932
-8.3947
146.9433
55.2332
-7.8386
145.1629
75.6652
-7.5224
143.2695
-82.9001
-29.4181
160.8443
-63.3964
-29.8404
159.0477
-43.1990
-29.4023
157.2697
-24.8397
-29.3618
156.0507
-4.8112
-28.3619
154.2930
16.0538
-28.0425
153.0178
36.0958
-27.9024
151.3095
55.3206
-27.8154
150.0131
76.3153
-27.6982
148.5459
-82.4127
-49.7367
164.6585
-63.5494
-49.1494
163.4967
-42.2852
-49.4488
162.2338
-23.1533
-48.0912
160.9931
-3.4313
-47.4084
159.6779
16.3720
-47.0653
158.2654
36.0790
-47.4875
157.2068
56.4412
-47.2180
155.7272
77.0590
-45.9628
154.3292
-82.2964
-69.6772
169.1107
-62.2721
-68.7911
168.4530
-42.3606
-67.8436
167.3887
-22.0837
-67.6745
166.6904
-2.0173
-67.5752
165.8251
17.1168
-67.2399
164.7283
36.5418
-66.9703
163.5016
56.8426
-66.4105
162.2122
77.7076
-65.5925
160.8090
-82.2090
-88.1548
172.8345
-61.1436
-88.7754
172.7825
-41.4981
-87.8026
172.1323
-21.3986
-86.8756
171.5835
-1.4208
-86.6682
170.9687
17.8056
-86.1615
170.3287
38.4845
-85.4370
169.0925
58.3830
-84.6109
168.0400
78.4733
-84.0255
166.9276
