-0.5793
0.4756
1.0000
-0.4439
0.4699
1.0000
-0.3062
0.4733
1.0000
-0.1678
0.4762
1.0000
-0.0237
0.4545
1.0000
0.1207
0.4593
1.0000
0.2569
0.4604
1.0000
0.4031
0.4360
1.0000
0.5438
0.4784
1.0000
-0.5426
0.3280
1.0000
-0.4114
0.3314
1.0000
-0.2816
0.3349
1.0000
-0.1497
0.3273
1.0000
-0.0191
0.3242
1.0000
0.1196
0.3287
1.0000
0.2461
0.3165
1.0000
0.3869
0.3134
1.0000
0.5071
0.3126
1.0000
-0.5285
0.1904
1.0000
-0.3945
0.1948
1.0000
-0.2758
0.1783
1.0000
-0.1615
0.1959
1.0000
-0.0245
0.1876
1.0000
0.1125
0.1961
1.0000
0.2245
0.1952
1.0000
0.3492
0.1820
1.0000
0.4794
0.1883
1.0000
-0.5040
0.0797
1.0000
-0.3867
0.0633
1.0000
-0.2653
0.0725
1.0000
-0.1491
0.0688
1.0000
-0.0270
0.0612
1.0000
0.0965
0.0656
1.0000
0.2286
0.0706
1.0000
0.3492
0.0547
1.0000
0.4450
0.0637
1.0000
-0.4970
-0.0436
1.0000
-0.3730
-0.0340
1.0000
-0.2628
-0.0472
1.0000
-0.1510
-0.0569
1.0000
-0.0357
-0.0506
1.0000
0.0948
-0.0596
1.0000
0.2268
-0.0597
1.0000
0.3392
-0.0552
1.0000
0.4763
-0.0637
1.0000
-0.5043
-0.1587
1.0000
-0.3796
-0.1727
1.0000
-0.2539
-0.1619
1.0000
-0.1499
-0.1607
1.0000
-0.0311
-0.1769
1.0000
0.0986
-0.1668
1.0000
0.2136
-0.1677
1.0000
0.3331
-0.1771
1.0000
0.4585
-0.1766
1.0000
-0.5234
-0.2882
1.0000
-0.4050
-0.2888
1.0000
-0.2677
-0.2921
1.0000
-0.1575
-0.2953
1.0000
-0.0250
-0.2894
1.0000
0.0920
-0.2910
1.0000
0.2107
-0.2926
1.0000
0.3399
-0.2971
1.0000
0.4781
-0.2949
1.0000
-0.5608
-0.4200
1.0000
-0.4304
-0.4263
1.0000
-0.2883
-0.4231
1.0000
-0.1534
-0.4281
1.0000
-0.0363
-0.4371
1.0000
0.0991
-0.4455
1.0000
0.2287
-0.4375
1.0000
0.3551
-0.4387
1.0000
0.4998
-0.4410
1.0000
-0.6027
-0.5674
1.0000
-0.4470
-0.5894
1.0000
-0.3141
-0.5788
1.0000
-0.1697
-0.5806
1.0000
-0.0338
-0.5898
1.0000
0.1031
-0.5878
1.0000
0.2536
-0.5830
1.0000
0.3852
-0.5877
1.0000
0.5207
-0.5793
1.0000
-82.1957
68.0670
143.0480
-62.6496
66.9895
142.5944
-43.1382
66.3024
141.8082
-23.5405
66.6981
141.2641
-3.9417
65.8579
141.3403
17.0201
65.6811
141.4171
37.3026
65.2861
141.7368
57.6025
64.9079
142.1060
77.5833
66.2515
141.5995
-82.3139
50.0525
151.6520
-62.0120
49.7221
151.2856
-42.9381
49.4205
150.5973
-22.4426
49.0122
150.5749
-3.5105
48.0517
150.8572
17.8746
48.8241
150.2786
37.3114
47.2336
151.1503
57.9661
47.5592
150.8134
76.6876
47.3922
150.9945
-82.6507
31.6527
159.1475
-63.9164
30.8436
159.2651
-43.4713
30.2135
159.4637
-24.3421
30.7896
159.0278
-3.9729
30.3708
158.8605
17.2503
29.6170
159.0307
36.3149
29.5368
159.1786
55.9210
29.3483
159.1316
76.9878
28.8616
159.0699
-83.5027
11.9586
164.5759
-63.3256
11.4298
164.5667
-43.7163
11.5060
164.5703
-23.9057
11.0024
164.7314
-4.1247
11.0797
164.5941
15.6465
10.6985
164.7592
36.2265
11.2732
164.5121
56.1957
10.1818
164.6128
75.9675
10.3885
164.8201
-83.5227
-7.5962
166.4607
-63.5379
-7.2495
166.6761
-44.4505
-8.1571
166.7923
-24.1647
-8.5984
166.5948
-5.0029
-8.9545
166.7966
16.0191
-8.9101
166.9396
35.5791
-8.9106
167.0336
55.9998
-8.9459
167.0997
76.5211
-9.2167
167.1134
-83.5175
-26.4188
165.4472
-63.9786
-27.3938
165.3063
-43.7112
-27.5753
165.1546
-25.4060
-28.1275
165.2839
-5.2679
-27.8294
165.4024
15.6404
-28.2741
165.8640
35.7284
-28.7586
165.6487
55.0250
-29.2050
165.6560
76.1116
-29.7373
165.5371
-84.0169
-46.2927
160.2254
-65.1768
-46.4803
160.3926
-43.8158
-47.4573
160.1301
-24.6405
-46.8541
160.7490
-4.8392
-46.9438
160.9610
14.9762
-47.2182
160.8924
34.7146
-48.1368
160.4548
55.0347
-48.5544
160.1351
75.8363
-48.0974
160.2841
-84.9803
-64.9308
152.0654
-64.9018
-65.2987
153.0368
-45.0348
-65.2365
153.4313
-24.7240
-65.9558
153.4932
-4.5893
-66.2750
152.7251
14.4622
-66.3547
152.1832
34.0354
-66.6547
151.8557
54.1666
-66.7209
151.6641
75.2633
-66.7269
151.8810
-85.6205
-81.1875
142.8820
-64.7557
-83.4548
143.6125
-44.9912
-83.7834
144.7424
-24.9588
-83.7449
144.7285
-4.8711
-83.4989
143.1959
14.1227
-83.3292
142.1235
34.9741
-83.1995
141.8619
54.8012
-83.5670
142.1848
74.9932
-83.8063
142.5451
