-0.3457
0.3316
1.0000
-0.3223
0.3724
1.0000
-0.2843
0.4231
1.0000
-0.2067
0.4808
1.0000
-0.0873
0.5166
1.0000
0.0672
0.5436
1.0000
0.2138
0.5423
1.0000
0.3291
0.5312
1.0000
0.4128
0.5125
1.0000
-0.3447
0.2296
1.0000
-0.3270
0.2622
1.0000
-0.2727
0.3080
1.0000
-0.1964
0.3450
1.0000
-0.0718
0.3660
1.0000
0.0835
0.3910
1.0000
0.2184
0.3948
1.0000
0.3339
0.3898
1.0000
0.3932
0.3780
1.0000
-0.3434
0.1226
1.0000
-0.3412
0.1462
1.0000
-0.2876
0.1681
1.0000
-0.1914
0.1947
1.0000
-0.0645
0.2252
1.0000
0.0888
0.2324
1.0000
0.2217
0.2318
1.0000
0.3156
0.2415
1.0000
0.3892
0.2395
1.0000
-0.3594
0.0165
1.0000
-0.3320
0.0255
1.0000
-0.2740
0.0487
1.0000
-0.1887
0.0454
1.0000
-0.0439
0.0825
1.0000
0.0895
0.0891
1.0000
0.2209
0.0985
1.0000
0.3168
0.1165
1.0000
0.3518
0.1297
1.0000
-0.3784
-0.0892
1.0000
-0.3497
-0.0886
1.0000
-0.2796
-0.0928
1.0000
-0.1611
-0.0763
1.0000
-0.0447
-0.0698
1.0000
0.1104
-0.0666
1.0000
0.2281
-0.0430
1.0000
0.3064
-0.0083
1.0000
0.3380
0.0125
1.0000
-0.3801
-0.1910
1.0000
-0.3500
-0.2135
1.0000
-0.2739
-0.2146
1.0000
-0.1669
-0.2229
1.0000
-0.0227
-0.2132
1.0000
0.1197
-0.1830
1.0000
0.2172
-0.1532
1.0000
0.2891
-0.1319
1.0000
0.3197
-0.0891
1.0000
-0.3926
-0.3161
1.0000
-0.3493
-0.3310
1.0000
-0.2632
-0.3568
1.0000
-0.1497
-0.3701
1.0000
-0.0118
-0.3502
1.0000
0.1224
-0.3210
1.0000
0.2136
-0.2902
1.0000
0.2745
-0.2347
1.0000
0.3165
-0.1927
1.0000
-0.3959
-0.4409
1.0000
-0.3466
-0.4722
1.0000
-0.2555
-0.4960
1.0000
-0.1330
-0.4999
1.0000
0.0014
-0.4800
1.0000
0.1193
-0.4415
1.0000
0.2167
-0.3956
1.0000
0.2721
-0.3353
1.0000
0.2955
-0.2863
1.0000
-0.4081
-0.5583
1.0000
-0.3459
-0.6008
1.0000
-0.2513
-0.6346
1.0000
-0.1151
-0.6352
1.0000
0.0117
-0.6113
1.0000
0.1206
-0.5660
1.0000
0.2171
-0.4942
1.0000
0.2582
-0.4242
1.0000
0.2879
-0.3669
1.0000
-64.9275
63.1528
189.9237
-55.1228
64.6114
173.2456
-43.9891
66.3082
157.0248
-29.7758
68.6792
143.6669
-12.2404
69.4511
134.8074
8.5842
71.2065
131.3209
28.6531
72.9920
134.1969
47.3362
75.3430
142.4289
63.0516
80.1658
154.2910
-64.9351
43.2761
187.6027
-55.0337
45.3836
169.8526
-43.4610
47.4802
154.6639
-27.6429
48.7789
141.6846
-9.9605
49.4862
134.6387
11.4654
52.3705
132.8887
30.6274
52.9329
137.5949
48.8342
56.4044
146.8969
62.9307
59.6825
158.9948
-64.9266
23.3999
185.2729
-56.2329
24.8435
168.7368
-43.3230
26.2476
152.9514
-27.8039
28.5293
141.9121
-8.4177
29.9976
135.2415
12.9490
31.3376
135.0504
31.1703
33.6531
140.3060
48.0313
36.5655
150.4822
63.0857
40.4144
164.8434
-65.8477
3.1460
183.1977
-56.0767
4.8006
165.4752
-42.8348
6.8311
150.9949
-25.7039
7.9812
140.9840
-6.4516
9.8841
135.8932
13.2562
11.4923
137.1555
32.6659
14.7259
143.7959
49.1912
17.2447
155.3116
61.2034
21.5610
170.5603
-67.2116
-16.2727
179.7370
-55.9328
-13.9767
163.5499
-42.1233
-13.1491
150.1117
-24.1757
-11.8375
140.5784
-5.2996
-10.4801
137.1280
15.4975
-8.0782
139.7114
33.3742
-5.3274
148.1339
48.9958
-1.5762
160.8456
59.9056
3.2048
177.6183
-67.5973
-35.1852
177.2368
-55.8079
-34.2747
161.5579
-40.4161
-32.6633
148.4469
-23.5472
-31.6033
140.9745
-3.5457
-29.4754
138.4474
16.8138
-27.4093
143.2799
34.3668
-24.7792
152.8747
48.1597
-21.3866
166.1115
59.2384
-16.7350
183.6266
-68.2693
-55.6851
174.7957
-55.9489
-54.0576
160.6417
-39.0368
-53.2754
147.3963
-20.9873
-50.9206
140.9752
-1.1529
-48.9780
140.3773
17.7744
-46.9051
145.7777
34.1593
-44.5524
157.4272
47.7706
-40.6079
172.2859
58.7770
-35.0957
189.1027
-68.7260
-76.1238
173.3375
-54.8829
-74.2265
158.7583
-38.5402
-72.3039
147.3052
-18.9619
-71.2341
141.6266
1.1630
-69.8212
142.7911
18.8874
-67.5525
150.4463
33.8655
-64.4102
162.6091
46.9204
-59.9914
177.9448
58.2176
-54.8159
194.8189
-68.8137
-94.8729
171.8771
-53.8498
-94.6703
157.0274
-36.9919
-92.8150
146.7357
-17.2630
-91.0235
142.4002
2.4752
-89.4690
145.4683
19.4395
-86.7781
155.1377
34.5514
-82.8128
168.8934
46.5518
-78.3087
184.1909
57.6246
-73.6057
200.2728
