-0.4975
0.3723
1.0000
-0.3816
0.3848
1.0000
-0.2703
0.3999
1.0000
-0.1490
0.3961
1.0000
-0.0303
0.3915
1.0000
0.0886
0.4011
1.0000
0.2130
0.4007
1.0000
0.3323
0.4019
1.0000
0.4433
0.4048
1.0000
-0.5354
0.3100
1.0000
-0.4029
0.3090
1.0000
-0.2797
0.3231
1.0000
-0.1447
0.3121
1.0000
-0.0260
0.3166
1.0000
0.1018
0.3215
1.0000
0.2229
0.3085
1.0000
0.3747
0.3136
1.0000
0.4838
0.3175
1.0000
-0.5603
0.2123
1.0000
-0.4340
0.2078
1.0000
-0.3022
0.2061
1.0000
-0.1643
0.2068
1.0000
-0.0290
0.2183
1.0000
0.1093
0.2083
1.0000
0.2423
0.2013
1.0000
0.3625
0.2042
1.0000
0.4974
0.2086
1.0000
-0.5963
0.0755
1.0000
-0.4365
0.0713
1.0000
-0.2953
0.0751
1.0000
-0.1647
0.0761
1.0000
-0.0194
0.0671
1.0000
0.1152
0.0653
1.0000
0.2417
0.0774
1.0000
0.3788
0.0612
1.0000
0.5023
0.0672
1.0000
-0.5962
-0.0704
1.0000
-0.4491
-0.0513
1.0000
-0.3073
-0.0669
1.0000
-0.1599
-0.0737
1.0000
-0.0265
-0.0694
1.0000
0.1242
-0.0586
1.0000
0.2460
-0.0555
1.0000
0.3789
-0.0668
1.0000
0.5240
-0.0565
1.0000
-0.5900
-0.2022
1.0000
-0.4420
-0.2073
1.0000
-0.2949
-0.1979
1.0000
-0.1619
-0.2009
1.0000
-0.0237
-0.1953
1.0000
0.1151
-0.1918
1.0000
0.2426
-0.1828
1.0000
0.3612
-0.1839
1.0000
0.4914
-0.1859
1.0000
-0.5664
-0.3413
1.0000
-0.4316
-0.3277
1.0000
-0.2894
-0.3315
1.0000
-0.1568
-0.3164
1.0000
-0.0330
-0.3154
1.0000
0.1060
-0.2989
1.0000
0.2217
-0.3021
1.0000
0.3476
-0.2917
1.0000
0.4580
-0.2898
1.0000
-0.5593
-0.4469
1.0000
-0.4261
-0.4355
1.0000
-0.2804
-0.4228
1.0000
-0.1534
-0.4122
1.0000
-0.0236
-0.4113
1.0000
0.0814
-0.4012
1.0000
0.1922
-0.3994
1.0000
0.3072
-0.3847
1.0000
0.4235
-0.3663
1.0000
-0.5525
-0.5281
1.0000
-0.3885
-0.5152
1.0000
-0.2812
-0.5083
1.0000
-0.1396
-0.4925
1.0000
-0.0357
-0.4834
1.0000
0.0727
-0.4649
1.0000
0.1851
-0.4598
1.0000
0.2842
-0.4259
1.0000
0.3797
-0.4312
1.0000
-83.5111
64.2570
167.2872
-64.0239
64.5691
166.9469
-44.2661
65.3979
166.6912
-24.8276
66.6480
167.1659
-5.2559
66.7316
166.8892
15.6707
67.2455
167.4025
35.9529
67.2473
168.1239
56.2988
67.2280
168.6885
76.1396
68.8464
170.1927
-82.9087
48.2204
155.5122
-62.6038
48.7873
155.7827
-43.4557
49.5787
156.0319
-22.9577
49.5848
156.6294
-4.0300
49.2341
157.0620
17.3204
50.3387
158.4523
36.8918
49.0998
158.6115
57.4419
49.9730
159.5787
76.1163
50.0096
160.5068
-82.3580
30.5789
146.1752
-63.6285
30.2423
146.7436
-43.2420
29.8689
147.6223
-24.1167
30.8361
148.9282
-3.8314
30.9174
150.0184
17.4163
30.4364
151.0356
36.5248
30.5373
152.2943
56.0264
30.7544
153.3360
77.0486
30.6747
154.4092
-82.4494
10.7829
140.0302
-62.3220
10.5555
141.2472
-42.8494
10.9098
142.6297
-23.0643
10.6029
144.1008
-3.3514
10.9512
145.6305
16.3176
10.7950
147.1500
36.8992
11.5793
148.7069
56.7056
10.7641
150.0656
76.4827
11.1261
151.9323
-82.0421
-8.9662
137.8444
-62.2185
-8.5058
139.7388
-43.1527
-9.1314
141.3866
-22.9637
-9.3607
143.1709
-3.9417
-9.4792
145.0043
16.9786
-9.2405
146.9311
36.4996
-8.9755
148.8506
56.7994
-8.8091
150.7918
77.1149
-8.8280
152.6821
-82.1209
-28.0220
139.3564
-62.5582
-28.8161
141.5451
-42.4775
-28.7625
143.4940
-24.2312
-29.0484
145.6333
-4.2167
-28.5004
147.6943
16.4969
-28.5770
150.3858
36.5519
-28.8331
152.4930
55.5544
-28.9571
154.7190
76.5813
-29.2121
157.4494
-82.8579
-48.2669
143.9826
-63.9941
-48.0431
146.4474
-42.9609
-48.7709
149.1491
-23.9308
-47.6811
151.2644
-4.3114
-47.3944
153.6319
15.3981
-47.4042
156.1958
34.9038
-48.0086
159.2103
55.0114
-48.0063
161.8217
75.7520
-47.0000
164.8431
-84.3874
-67.2877
151.5008
-64.6040
-66.7161
154.0893
-44.7608
-66.3533
156.5075
-24.6893
-66.3941
159.6328
-4.8570
-66.5609
162.5915
14.1933
-66.3742
165.7846
33.2134
-66.0659
168.6282
53.4876
-65.7851
172.0378
74.0433
-64.8077
174.9482
-86.2393
-83.7424
160.5812
-65.5081
-84.7252
164.2819
-46.0115
-84.1408
166.6983
-25.9819
-83.4704
169.7387
-6.3992
-83.2271
173.2288
12.5557
-82.6072
176.7795
33.2237
-81.6858
180.6131
52.4097
-80.5934
184.5966
72.2235
-80.3303
186.7125
