-0.6645
0.5083
1.0000
-0.5135
0.5019
1.0000
-0.3521
0.4988
1.0000
-0.1977
0.5181
1.0000
-0.0462
0.5058
1.0000
0.1362
0.5036
1.0000
0.3121
0.5128
1.0000
0.4699
0.5009
1.0000
0.6383
0.5160
1.0000
-0.6235
0.3337
1.0000
-0.4802
0.3417
1.0000
-0.3365
0.3465
1.0000
-0.1680
0.3378
1.0000
-0.0307
0.3467
1.0000
0.1340
0.3431
1.0000
0.2774
0.3330
1.0000
0.4360
0.3334
1.0000
0.5865
0.3301
1.0000
-0.5838
0.1876
1.0000
-0.4488
0.1977
1.0000
-0.3113
0.1913
1.0000
-0.1844
0.1876
1.0000
-0.0371
0.1955
1.0000
0.1152
0.1826
1.0000
0.2513
0.1799
1.0000
0.3920
0.1853
1.0000
0.5380
0.1959
1.0000
-0.5420
0.0652
1.0000
-0.4143
0.0738
1.0000
-0.2912
0.0633
1.0000
-0.1540
0.0625
1.0000
-0.0236
0.0787
1.0000
0.1077
0.0611
1.0000
0.2269
0.0770
1.0000
0.3717
0.0536
1.0000
0.5034
0.0782
1.0000
-0.5147
-0.0418
1.0000
-0.3872
-0.0328
1.0000
-0.2761
-0.0366
1.0000
-0.1496
-0.0486
1.0000
-0.0252
-0.0396
1.0000
0.1085
-0.0432
1.0000
0.2244
-0.0371
1.0000
0.3443
-0.0429
1.0000
0.4770
-0.0444
1.0000
-0.4793
-0.1286
1.0000
-0.3661
-0.1532
1.0000
-0.2455
-0.1379
1.0000
-0.1404
-0.1379
1.0000
-0.0376
-0.1459
1.0000
0.1054
-0.1387
1.0000
0.2029
-0.1397
1.0000
0.3267
-0.1473
1.0000
0.4451
-0.1560
1.0000
-0.4677
-0.2411
1.0000
-0.3777
-0.2453
1.0000
-0.2476
-0.2569
1.0000
-0.1349
-0.2526
1.0000
-0.0236
-0.2472
1.0000
0.0969
-0.2410
1.0000
0.1959
-0.2483
1.0000
0.3213
-0.2623
1.0000
0.4463
-0.2469
1.0000
-0.4799
-0.3506
1.0000
-0.3702
-0.3599
1.0000
-0.2531
-0.3526
1.0000
-0.1377
-0.3638
1.0000
-0.0083
-0.3675
1.0000
0.0878
-0.3645
1.0000
0.1998
-0.3736
1.0000
0.3168
-0.3682
1.0000
0.4372
-0.3676
1.0000
-0.4921
-0.4792
1.0000
-0.3711
-0.4931
1.0000
-0.2411
-0.4900
1.0000
-0.1395
-0.4849
1.0000
-0.0277
-0.4927
1.0000
0.0858
-0.4841
1.0000
0.2119
-0.4828
1.0000
0.3258
-0.4831
1.0000
0.4403
-0.4809
1.0000
-83.1344
63.2044
123.8811
-63.6162
62.4654
123.4955
-44.0618
62.0817
122.7013
-24.5182
62.7137
122.1174
-4.9683
61.8997
122.0799
16.0096
61.7834
121.5738
36.3774
61.4212
121.4957
56.6699
60.9736
121.3288
76.6475
62.3730
120.6081
-83.0658
44.8127
131.8457
-62.6846
44.8366
131.6896
-43.5699
44.9591
131.1993
-23.0975
44.7700
131.1635
-4.2989
43.9173
131.2467
16.9700
44.7359
129.9105
36.3444
43.1028
130.3729
57.0186
43.3399
129.5337
75.7670
43.1656
129.3374
-83.2235
27.7264
142.1325
-64.3527
27.3112
142.4144
-43.9269
27.0816
142.6166
-24.7660
27.7588
142.0001
-4.4485
27.5084
141.8064
16.7881
26.8011
141.8063
35.8411
26.8633
141.2907
55.4218
26.5985
140.9396
76.3245
26.0690
140.3472
-83.7394
10.8175
153.7564
-63.6251
10.5215
153.5546
-43.9494
10.6854
153.4375
-24.1246
10.4940
153.4988
-4.2470
10.6947
153.2053
15.3749
10.4886
152.9943
36.0303
10.9291
152.2390
55.9540
10.0379
152.3626
75.7679
10.3562
151.8159
-83.4148
-6.1446
163.7963
-63.4454
-5.6233
163.5581
-44.3532
-6.2970
163.7622
-24.0588
-6.4903
163.6487
-4.9416
-6.7528
163.5785
16.1317
-6.5045
163.3208
35.7374
-6.3536
163.0003
56.0845
-6.2983
162.8359
76.5146
-6.4709
162.4922
-83.3455
-23.3795
171.5632
-63.6421
-24.2042
171.6112
-43.4310
-24.2208
171.4069
-25.1065
-24.5684
171.5198
-4.9603
-24.1223
171.0637
15.9532
-24.2673
171.3882
36.0637
-24.5551
171.1238
55.2887
-24.8302
171.1508
76.4334
-25.1462
171.1830
-83.5486
-43.3800
175.6661
-64.6206
-43.2916
175.8170
-43.3309
-44.1810
175.6733
-24.1867
-43.3392
175.7156
-4.3752
-43.1381
175.6609
15.4992
-43.3264
175.5137
35.2032
-44.2171
175.7004
55.5516
-44.3883
175.4971
76.2912
-43.6749
175.5437
-84.3888
-63.5810
175.1051
-64.2393
-63.4471
175.4963
-44.3787
-63.0293
175.4688
-23.9546
-63.5478
175.6235
-3.8645
-64.0007
175.6411
15.2182
-64.2857
175.8245
34.7738
-64.4973
175.8488
55.0293
-64.3315
175.9228
75.9835
-64.1083
175.8434
-84.8993
-81.5981
170.4160
-63.9646
-83.1913
170.6807
-44.1431
-82.9705
171.0879
-24.0991
-82.8522
171.2239
-3.9965
-83.1588
171.3391
15.1192
-83.4268
171.6110
35.8787
-83.2515
171.9173
55.8603
-83.2020
172.2517
75.9611
-83.2110
172.3881
