-0.4629
0.3492
1.0000
-0.3596
0.3579
1.0000
-0.2495
0.3670
1.0000
-0.1361
0.3963
1.0000
-0.0279
0.3902
1.0000
0.1021
0.4003
1.0000
0.2164
0.4099
1.0000
0.3445
0.4156
1.0000
0.4753
0.4247
1.0000
-0.5058
0.2831
1.0000
-0.3820
0.2898
1.0000
-0.2671
0.2945
1.0000
-0.1385
0.3015
1.0000
-0.0289
0.3161
1.0000
0.1065
0.3180
1.0000
0.2366
0.3123
1.0000
0.3720
0.3322
1.0000
0.4874
0.3188
1.0000
-0.5348
0.2028
1.0000
-0.4172
0.1985
1.0000
-0.2788
0.2011
1.0000
-0.1569
0.2076
1.0000
-0.0268
0.2034
1.0000
0.1121
0.1923
1.0000
0.2267
0.1975
1.0000
0.3728
0.2063
1.0000
0.5127
0.2155
1.0000
-0.5547
0.0662
1.0000
-0.4229
0.0771
1.0000
-0.2951
0.0786
1.0000
-0.1608
0.0798
1.0000
-0.0433
0.0831
1.0000
0.1168
0.0869
1.0000
0.2420
0.0920
1.0000
0.3906
0.0871
1.0000
0.5134
0.0828
1.0000
-0.5754
-0.0610
1.0000
-0.4412
-0.0568
1.0000
-0.3141
-0.0600
1.0000
-0.1612
-0.0665
1.0000
-0.0259
-0.0608
1.0000
0.1137
-0.0599
1.0000
0.2460
-0.0509
1.0000
0.3832
-0.0525
1.0000
0.5147
-0.0485
1.0000
-0.5748
-0.1982
1.0000
-0.4327
-0.1990
1.0000
-0.3012
-0.1950
1.0000
-0.1670
-0.1962
1.0000
-0.0262
-0.1978
1.0000
0.1066
-0.1866
1.0000
0.2300
-0.1901
1.0000
0.3640
-0.1864
1.0000
0.4897
-0.1840
1.0000
-0.5752
-0.3363
1.0000
-0.4387
-0.3286
1.0000
-0.3032
-0.3317
1.0000
-0.1641
-0.3099
1.0000
-0.0286
-0.3230
1.0000
0.1126
-0.3077
1.0000
0.2292
-0.3051
1.0000
0.3464
-0.3031
1.0000
0.4769
-0.2855
1.0000
-0.5646
-0.4561
1.0000
-0.4298
-0.4396
1.0000
-0.2950
-0.4351
1.0000
-0.1648
-0.4294
1.0000
-0.0332
-0.4268
1.0000
0.0894
-0.4141
1.0000
0.1983
-0.4047
1.0000
0.3153
-0.4014
1.0000
0.4339
-0.3729
1.0000
-0.5490
-0.5555
1.0000
-0.4003
-0.5472
1.0000
-0.2881
-0.5320
1.0000
-0.1409
-0.5218
1.0000
-0.0426
-0.5052
1.0000
0.0823
-0.4873
1.0000
0.1909
-0.4648
1.0000
0.2926
-0.4531
1.0000
0.3961
-0.4368
1.0000
-82.2729
62.7716
178.2616
-62.9653
63.4850
175.9464
-43.3572
64.6092
173.7365
-24.0251
66.2732
172.1415
-4.6379
66.7795
169.8142
16.3472
67.5817
168.3379
36.5911
67.8751
167.1480
56.8338
68.0293
165.7318
76.8203
69.8668
165.6823
-82.7055
47.0206
166.0915
-62.4121
47.9707
164.3395
-43.2531
49.0198
162.7204
-22.9499
49.4769
161.1084
-4.0657
49.3873
159.6825
17.3243
50.7403
159.2244
36.8472
49.6277
157.7148
57.3919
50.6132
156.9866
76.0978
50.8891
156.2474
-82.8523
29.9296
155.6956
-64.1680
29.9026
154.4667
-43.7838
29.8195
153.2952
-24.6427
31.0108
153.0204
-4.3217
31.2582
152.3011
16.9979
30.9017
151.5755
36.0899
31.1131
151.3535
55.6132
31.4493
150.9583
76.6686
31.4458
150.5131
-83.3359
10.7764
147.9907
-63.1886
10.7120
147.3972
-43.6431
11.2237
147.1830
-23.8422
11.0273
147.1136
-4.0441
11.5210
147.0784
15.6896
11.3365
147.3205
36.3311
12.2347
147.5076
56.1615
11.4183
147.4741
76.0375
11.8456
148.2443
-83.0475
-8.5744
143.6622
-63.0908
-8.0267
144.0568
-43.9918
-8.6658
144.3098
-23.7050
-8.8328
144.7013
-4.6185
-8.9188
145.3737
16.3570
-8.5446
146.1741
35.9768
-8.3049
147.1035
56.3426
-8.1474
148.1414
76.8032
-8.1037
149.2204
-82.8327
-27.6971
142.8609
-63.1638
-28.4338
143.5889
-42.9912
-28.3595
144.5257
-24.6954
-28.7025
145.7400
-4.5904
-28.0923
146.8131
16.2488
-28.0957
148.5310
36.2311
-28.2577
150.0165
55.4135
-28.3355
151.8510
76.3739
-28.4837
154.2272
-83.1002
-48.3629
144.6009
-64.2563
-48.1346
146.0930
-43.0474
-48.8173
147.8858
-23.9652
-47.7509
149.4713
-4.2406
-47.4145
151.2420
15.5497
-47.3728
153.3178
35.0220
-47.8078
155.9784
55.1511
-47.5282
158.6416
75.8168
-46.1302
161.7472
-84.1237
-68.2976
149.1512
-64.1868
-67.7872
151.2528
-44.3121
-67.2129
153.2952
-24.1488
-67.2836
155.8472
-4.2433
-67.2794
158.5323
14.7558
-66.8183
161.6431
33.7782
-66.2266
164.7244
53.9562
-65.3587
168.3033
74.2810
-64.0088
171.9135
-85.2710
-85.9776
155.8304
-64.4691
-86.9552
158.9160
-44.9656
-86.1775
161.0680
-24.8817
-85.4190
163.9579
-5.3407
-84.8220
167.6189
13.6237
-84.0024
171.7313
33.9613
-82.4601
175.7542
53.2969
-80.9109
179.7655
72.7399
-79.6065
183.6954
