-0.3734
0.2212
1.0000
-0.2929
0.2463
1.0000
-0.2019
0.2584
1.0000
-0.1155
0.2866
1.0000
-0.0128
0.3150
1.0000
0.0915
0.3328
1.0000
0.1911
0.3512
1.0000
0.3028
0.3716
1.0000
0.4366
0.4037
1.0000
-0.4064
0.1667
1.0000
-0.3116
0.1898
1.0000
-0.2251
0.2092
1.0000
-0.1206
0.2352
1.0000
-0.0205
0.2445
1.0000
0.1011
0.2843
1.0000
0.2095
0.2824
1.0000
0.3335
0.3086
1.0000
0.4537
0.3237
1.0000
-0.4617
0.1049
1.0000
-0.3599
0.1319
1.0000
-0.2537
0.1424
1.0000
-0.1452
0.1566
1.0000
-0.0308
0.1806
1.0000
0.0973
0.1909
1.0000
0.2184
0.2096
1.0000
0.3427
0.2243
1.0000
0.4852
0.2318
1.0000
-0.4966
0.0381
1.0000
-0.4031
0.0417
1.0000
-0.2704
0.0543
1.0000
-0.1521
0.0759
1.0000
-0.0433
0.0813
1.0000
0.0855
0.0961
1.0000
0.2360
0.1153
1.0000
0.3745
0.1240
1.0000
0.5102
0.1260
1.0000
-0.5498
-0.0726
1.0000
-0.4175
-0.0633
1.0000
-0.2981
-0.0478
1.0000
-0.1668
-0.0461
1.0000
-0.0378
-0.0393
1.0000
0.1120
-0.0393
1.0000
0.2495
-0.0229
1.0000
0.3880
-0.0065
1.0000
0.5334
-0.0189
1.0000
-0.5624
-0.1903
1.0000
-0.4476
-0.1833
1.0000
-0.3152
-0.1836
1.0000
-0.1816
-0.1919
1.0000
-0.0379
-0.1702
1.0000
0.1102
-0.1633
1.0000
0.2546
-0.1725
1.0000
0.3954
-0.1760
1.0000
0.5258
-0.1665
1.0000
-0.6119
-0.3348
1.0000
-0.4659
-0.3379
1.0000
-0.3108
-0.3356
1.0000
-0.1681
-0.3214
1.0000
-0.0273
-0.3178
1.0000
0.1155
-0.3147
1.0000
0.2422
-0.3210
1.0000
0.3783
-0.3096
1.0000
0.5017
-0.2716
1.0000
-0.6246
-0.4906
1.0000
-0.4798
-0.4960
1.0000
-0.3158
-0.4722
1.0000
-0.1744
-0.4698
1.0000
-0.0215
-0.4777
1.0000
0.1176
-0.4628
1.0000
0.2503
-0.4456
1.0000
0.3641
-0.4036
1.0000
0.4521
-0.3606
1.0000
-0.6308
-0.6473
1.0000
-0.4735
-0.6552
1.0000
-0.3190
-0.6391
1.0000
-0.1647
-0.6189
1.0000
-0.0232
-0.5931
1.0000
0.1037
-0.5554
1.0000
0.2226
-0.5123
1.0000
0.3070
-0.4691
1.0000
0.4073
-0.4442
1.0000
-78.5124
46.2695
210.7958
-59.9985
49.4858
205.3708
-41.2040
52.8884
200.4994
-22.5392
56.4771
196.5486
-3.7676
58.9462
191.4147
16.5508
62.0313
187.0719
36.2459
64.0765
183.0070
56.1406
66.2063
179.0490
75.7781
69.4850
176.4514
-80.2628
33.6392
195.2453
-60.5909
36.6850
190.7768
-42.2101
40.2423
186.2363
-22.5738
42.8488
181.6072
-4.2558
44.8216
177.2610
16.7380
48.1256
173.9683
35.6175
48.9184
169.2436
55.8619
51.7532
165.7806
74.1810
53.5595
162.5936
-81.6324
20.2150
180.5901
-63.3648
22.0975
176.4762
-43.6955
24.5684
171.8038
-24.9546
27.5444
168.7130
-5.1149
29.6671
164.9804
15.7528
31.2023
161.0886
34.5477
32.9121
158.1078
53.8148
34.7927
155.1136
74.5612
36.3085
152.0621
-83.1177
4.9839
166.8794
-63.3550
7.0474
162.6861
-44.2462
9.3664
159.5911
-24.7002
10.8578
156.4046
-5.1981
12.7876
153.5748
14.3324
13.9902
150.9988
34.7311
16.1289
148.6866
54.4868
16.5498
146.3148
74.3370
17.7489
145.3315
-83.3749
-10.8108
154.9121
-63.6333
-8.7016
152.2593
-44.7825
-7.8249
149.4288
-24.6724
-6.6931
146.7883
-5.6650
-5.7617
144.7749
15.2600
-4.3968
143.2826
34.8230
-3.3163
142.2260
55.1999
-2.4564
141.8022
75.7485
-2.0467
142.4587
-83.1201
-27.4851
145.6545
-63.6503
-26.9468
143.3061
-43.5455
-25.8609
141.3449
-25.1831
-25.3829
140.1824
-5.1387
-24.0724
139.2112
15.7088
-23.5319
139.0752
35.8625
-23.2939
139.2238
55.1025
-23.1632
141.0081
75.9420
-22.9538
144.6361
-82.9701
-46.7222
137.8911
-64.1505
-45.8795
136.9563
-42.7486
-45.8952
135.9238
-23.6991
-44.4047
136.0922
-3.8892
-43.6739
136.3191
15.9969
-43.3502
137.3884
35.4667
-43.6616
140.2881
55.3661
-43.2531
144.6128
75.4427
-41.2764
150.4471
-83.1604
-66.6009
132.9100
-63.0403
-65.8875
133.2332
-43.1815
-64.9391
133.6373
-22.8027
-64.8768
134.7709
-2.7939
-64.8639
136.4914
16.0668
-64.3859
140.3632
34.5472
-63.5978
145.6358
53.9609
-61.9787
152.3935
73.1128
-59.1637
160.3706
-83.1825
-85.5083
131.3965
-62.1673
-86.4342
132.5049
-42.5464
-85.5120
133.6528
-22.4456
-84.8205
136.0647
-3.2853
-84.3396
141.0299
14.7611
-82.8009
147.7704
34.1370
-80.5307
155.6801
51.9036
-77.1145
164.5727
69.8128
-74.6151
171.9830
