-0.7360
0.6293
1.0000
-0.5141
0.6070
1.0000
-0.3194
0.5702
1.0000
-0.1460
0.5477
1.0000
0.0127
0.5037
1.0000
0.1002
0.4433
1.0000
0.1588
0.4146
1.0000
0.2064
0.3620
1.0000
0.2332
0.3275
1.0000
-0.6953
0.4098
1.0000
-0.4872
0.3939
1.0000
-0.3125
0.3743
1.0000
-0.1330
0.3598
1.0000
0.0185
0.3389
1.0000
0.1393
0.3174
1.0000
0.2153
0.2848
1.0000
0.2532
0.2707
1.0000
0.2826
0.2506
1.0000
-0.6375
0.2321
1.0000
-0.4818
0.2126
1.0000
-0.3135
0.1822
1.0000
-0.1454
0.1925
1.0000
0.0192
0.1727
1.0000
0.1554
0.1754
1.0000
0.2326
0.1715
1.0000
0.3012
0.1597
1.0000
0.3244
0.1484
1.0000
-0.5829
0.1054
1.0000
-0.4501
0.0651
1.0000
-0.2978
0.0419
1.0000
-0.1475
0.0276
1.0000
-0.0019
0.0403
1.0000
0.1419
0.0228
1.0000
0.2282
0.0449
1.0000
0.3106
0.0499
1.0000
0.3663
0.0516
1.0000
-0.5230
-0.0052
1.0000
-0.4081
-0.0416
1.0000
-0.2984
-0.0762
1.0000
-0.1480
-0.1051
1.0000
-0.0200
-0.0971
1.0000
0.1387
-0.0980
1.0000
0.2398
-0.0888
1.0000
0.3300
-0.0709
1.0000
0.3901
-0.0633
1.0000
-0.4651
-0.0636
1.0000
-0.3874
-0.1302
1.0000
-0.2707
-0.1718
1.0000
-0.1654
-0.2057
1.0000
-0.0321
-0.2148
1.0000
0.1034
-0.2214
1.0000
0.2325
-0.2102
1.0000
0.3328
-0.1985
1.0000
0.4006
-0.1800
1.0000
-0.4331
-0.1374
1.0000
-0.3468
-0.1794
1.0000
-0.2471
-0.2511
1.0000
-0.1519
-0.2702
1.0000
-0.0328
-0.2997
1.0000
0.0909
-0.3275
1.0000
0.2005
-0.3215
1.0000
0.3092
-0.3041
1.0000
0.4094
-0.2857
1.0000
-0.4011
-0.1854
1.0000
-0.3243
-0.2214
1.0000
-0.2361
-0.2885
1.0000
-0.1529
-0.3461
1.0000
-0.0377
-0.3735
1.0000
0.0688
-0.4056
1.0000
0.1856
-0.4114
1.0000
0.2929
-0.4104
1.0000
0.3987
-0.3850
1.0000
-0.3621
-0.1972
1.0000
-0.2861
-0.2626
1.0000
-0.2136
-0.2965
1.0000
-0.1313
-0.3624
1.0000
-0.0483
-0.4080
1.0000
0.0432
-0.4567
1.0000
0.1528
-0.4802
1.0000
0.2724
-0.4768
1.0000
0.3733
-0.4858
1.0000
-71.2766
60.8832
96.4633
-52.1432
60.1896
100.5485
-33.4580
60.5881
106.3483
-15.6217
62.3756
114.5548
1.0069
63.2201
125.2694
14.7169
64.2134
141.2605
25.6582
64.0616
158.3520
35.9277
63.7372
175.8036
44.8467
64.4803
193.8798
-73.4182
43.6576
106.3329
-53.2376
42.1179
107.6069
-34.3144
42.1993
111.3521
-14.8589
42.6809
118.2560
2.2252
42.9014
126.4280
19.1497
45.6546
139.7866
32.0929
45.1067
154.5769
43.3659
45.9475
172.0693
52.9786
45.8842
187.8770
-75.5589
27.7584
118.3791
-57.0336
24.2151
117.3824
-36.6744
22.4361
119.3178
-17.8389
23.1401
122.8111
1.2576
23.6236
128.9987
20.3533
24.3428
139.7433
34.9485
25.9061
152.1579
47.7165
26.7507
167.1114
59.9178
26.9946
184.1790
-77.6701
13.0362
132.5398
-58.3617
7.8582
129.2587
-38.8347
5.2140
128.2797
-19.0906
3.7572
130.2142
0.4350
3.8819
134.4714
18.9252
4.3768
141.7035
36.8271
6.6085
152.0829
51.9162
7.1228
165.1944
64.5956
8.4952
180.5675
-78.3538
-0.2829
147.1357
-59.8232
-6.0806
142.1703
-41.3561
-10.9360
139.9186
-21.1969
-13.9807
139.3222
-2.2010
-15.1645
141.2320
18.4337
-15.0023
146.1315
36.7584
-13.7036
153.2343
53.8304
-12.2400
164.8783
68.9723
-10.9378
178.6976
-78.3139
-11.8303
162.3477
-61.0268
-19.6136
157.3167
-42.1674
-25.9556
152.7644
-24.4023
-30.1551
150.4632
-4.2365
-32.2153
149.8697
16.5539
-33.3919
152.7748
35.9875
-33.5607
157.4165
53.6468
-32.8078
165.4065
71.1963
-31.6658
177.9443
-78.3319
-23.8370
179.1723
-61.8794
-31.2364
173.4389
-43.0765
-39.9540
168.0356
-25.0553
-44.9384
163.1849
-5.8855
-48.7590
160.5588
14.0585
-51.1556
160.9210
33.5570
-52.8548
163.9228
53.2802
-52.8400
169.2693
71.9240
-50.9119
178.8313
-78.0668
-34.4686
196.6183
-60.9591
-42.5567
190.1442
-43.8883
-50.8055
183.7043
-25.9664
-58.8100
178.1150
-7.2757
-65.1733
174.0529
11.5356
-69.0074
172.2098
30.9064
-71.2678
172.4207
51.2717
-72.1233
175.4589
71.2125
-71.3635
181.2335
-77.5591
-44.0073
212.9733
-59.7105
-53.2845
207.7606
-42.5505
-61.3394
201.4930
-26.0755
-70.2903
194.1829
-8.7090
-78.5631
188.5915
9.5306
-84.1146
184.8733
29.9437
-88.0040
182.6545
49.9098
-89.6593
183.4370
69.8636
-90.1245
186.8387
