-0.6860
0.5008
1.0000
-0.5243
0.5015
1.0000
-0.3633
0.5060
1.0000
-0.2068
0.5105
1.0000
-0.0436
0.4982
1.0000
0.1175
0.4954
1.0000
0.2950
0.5079
1.0000
0.4523
0.4987
1.0000
0.6205
0.5076
1.0000
-0.6697
0.3343
1.0000
-0.5118
0.3342
1.0000
-0.3440
0.3351
1.0000
-0.1807
0.3288
1.0000
-0.0534
0.3317
1.0000
0.1248
0.3415
1.0000
0.2807
0.3266
1.0000
0.4633
0.3410
1.0000
0.6176
0.3353
1.0000
-0.6271
0.1788
1.0000
-0.4896
0.1724
1.0000
-0.3304
0.1611
1.0000
-0.1925
0.1659
1.0000
-0.0410
0.1672
1.0000
0.1186
0.1756
1.0000
0.2723
0.1580
1.0000
0.4328
0.1770
1.0000
0.6031
0.1660
1.0000
-0.5951
0.0443
1.0000
-0.4353
0.0427
1.0000
-0.3018
0.0355
1.0000
-0.1784
0.0343
1.0000
-0.0272
0.0440
1.0000
0.1117
0.0316
1.0000
0.2493
0.0323
1.0000
0.4014
0.0356
1.0000
0.5481
0.0283
1.0000
-0.5235
-0.0463
1.0000
-0.4042
-0.0503
1.0000
-0.2827
-0.0564
1.0000
-0.1545
-0.0583
1.0000
-0.0330
-0.0655
1.0000
0.1138
-0.0746
1.0000
0.2290
-0.0899
1.0000
0.3713
-0.0807
1.0000
0.5111
-0.0963
1.0000
-0.4734
-0.1111
1.0000
-0.3712
-0.1285
1.0000
-0.2479
-0.1299
1.0000
-0.1522
-0.1496
1.0000
-0.0359
-0.1535
1.0000
0.1039
-0.1527
1.0000
0.2204
-0.1694
1.0000
0.3493
-0.1677
1.0000
0.4779
-0.1902
1.0000
-0.4316
-0.1938
1.0000
-0.3395
-0.1994
1.0000
-0.2373
-0.2084
1.0000
-0.1224
-0.2110
1.0000
-0.0209
-0.2202
1.0000
0.0957
-0.2309
1.0000
0.2141
-0.2425
1.0000
0.3161
-0.2492
1.0000
0.4529
-0.2440
1.0000
-0.4173
-0.2705
1.0000
-0.3173
-0.2748
1.0000
-0.2074
-0.2739
1.0000
-0.1102
-0.2934
1.0000
-0.0045
-0.2921
1.0000
0.0861
-0.3093
1.0000
0.1916
-0.3107
1.0000
0.3099
-0.3103
1.0000
0.4189
-0.3298
1.0000
-0.4102
-0.3539
1.0000
-0.3140
-0.3645
1.0000
-0.2224
-0.3620
1.0000
-0.1176
-0.3748
1.0000
-0.0277
-0.3670
1.0000
0.0768
-0.3825
1.0000
0.1804
-0.3862
1.0000
0.2957
-0.3904
1.0000
0.3936
-0.3966
1.0000
-84.0663
61.5759
123.1926
-64.5291
61.0147
122.8128
-44.9344
60.9469
122.1909
-25.4092
61.8422
121.8776
-5.8054
61.1295
121.7804
15.1850
61.2109
121.8652
35.4606
60.9619
122.0630
55.7869
60.6200
122.0417
75.7507
62.2804
122.4601
-83.9519
41.5986
125.4913
-63.6431
41.6882
125.0033
-44.4825
41.8850
124.3108
-24.0424
41.7129
123.9163
-5.1941
40.9451
123.6481
16.1859
42.0167
122.8652
35.6982
40.4476
122.9814
56.3471
41.0361
122.4232
75.0730
41.0702
122.2664
-83.9556
23.1761
133.3422
-65.1520
22.5127
132.6434
-44.7023
21.9709
132.0054
-25.6336
22.6182
130.7033
-5.3470
22.3039
129.8247
15.9170
21.6354
129.1850
34.9640
21.6259
128.4442
54.5520
21.5519
127.7422
75.5448
21.2235
126.7954
-84.1490
6.7719
145.7291
-64.0700
5.8370
144.0947
-44.5345
5.4244
142.5241
-24.6912
4.8213
141.4067
-4.9061
4.6406
140.0742
14.6471
4.2148
138.9414
35.3176
4.5144
137.3021
55.2596
3.4417
136.6223
74.9482
3.6763
135.4616
-83.2900
-7.4749
159.3740
-63.6483
-8.0180
157.1524
-44.3353
-9.1889
156.2718
-24.2645
-10.2718
154.5584
-5.3127
-11.0955
152.9713
15.7924
-11.4736
151.2126
35.4368
-11.8247
149.8373
55.6568
-12.2245
148.2932
76.0674
-12.8642
146.9180
-82.6406
-20.7062
173.0365
-62.9702
-22.1579
171.8275
-42.9106
-23.2788
169.8995
-24.9213
-24.3622
168.2000
-4.7847
-24.8884
166.0863
16.2617
-25.7325
164.9539
36.0780
-26.9245
163.0498
55.2763
-27.6572
161.6750
76.3714
-28.6212
160.2632
-82.2537
-36.2060
186.7063
-63.3780
-36.9021
185.0371
-42.2417
-38.6852
183.4901
-23.0883
-38.7674
181.4191
-3.5024
-39.4692
179.4662
16.1777
-40.5092
177.6419
35.8913
-42.0607
176.5717
56.1396
-43.1111
174.8029
76.8146
-43.3533
172.7705
-82.8654
-53.5974
196.9636
-62.7966
-54.0196
195.6017
-42.9878
-54.4716
193.8513
-22.6864
-55.6444
192.6390
-2.7347
-56.8964
191.1574
16.3227
-57.8008
189.6746
35.7157
-58.7505
188.2991
55.9937
-59.4519
186.6072
76.8877
-60.0522
184.6626
-83.8190
-71.4976
201.5582
-62.8154
-73.4524
201.5052
-43.1741
-73.5478
200.5143
-22.9166
-73.9542
199.8018
-2.9981
-74.8780
198.8931
16.2870
-75.5812
198.0076
36.8926
-76.1662
196.4842
56.8133
-76.5742
195.1264
76.7969
-77.3361
193.4137
