-0.5532
0.4491
1.0000
-0.4208
0.4403
1.0000
-0.3023
0.4422
1.0000
-0.1574
0.4457
1.0000
-0.0316
0.4301
1.0000
0.1196
0.4328
1.0000
0.2525
0.4280
1.0000
0.3733
0.4176
1.0000
0.5091
0.4419
1.0000
-0.5172
0.3158
1.0000
-0.3890
0.3195
1.0000
-0.2643
0.3141
1.0000
-0.1387
0.3016
1.0000
-0.0261
0.2986
1.0000
0.1188
0.3104
1.0000
0.2330
0.2976
1.0000
0.3537
0.2993
1.0000
0.4746
0.2911
1.0000
-0.4965
0.1939
1.0000
-0.3824
0.1805
1.0000
-0.2559
0.1721
1.0000
-0.1483
0.1685
1.0000
-0.0348
0.1713
1.0000
0.1018
0.1691
1.0000
0.2173
0.1828
1.0000
0.3412
0.1739
1.0000
0.4600
0.1618
1.0000
-0.4871
0.0731
1.0000
-0.3759
0.0579
1.0000
-0.2517
0.0646
1.0000
-0.1424
0.0590
1.0000
-0.0271
0.0670
1.0000
0.0925
0.0489
1.0000
0.2221
0.0669
1.0000
0.3328
0.0609
1.0000
0.4564
0.0582
1.0000
-0.4997
-0.0550
1.0000
-0.3762
-0.0545
1.0000
-0.2686
-0.0565
1.0000
-0.1431
-0.0589
1.0000
-0.0258
-0.0656
1.0000
0.0923
-0.0491
1.0000
0.2104
-0.0603
1.0000
0.3295
-0.0539
1.0000
0.4679
-0.0599
1.0000
-0.5122
-0.1692
1.0000
-0.3994
-0.1736
1.0000
-0.2732
-0.1843
1.0000
-0.1562
-0.1712
1.0000
-0.0355
-0.1650
1.0000
0.1106
-0.1802
1.0000
0.2161
-0.1824
1.0000
0.3444
-0.1845
1.0000
0.4753
-0.1978
1.0000
-0.5589
-0.2955
1.0000
-0.4173
-0.3048
1.0000
-0.2956
-0.3098
1.0000
-0.1656
-0.2922
1.0000
-0.0317
-0.3045
1.0000
0.1016
-0.3097
1.0000
0.2240
-0.3102
1.0000
0.3551
-0.3168
1.0000
0.4981
-0.3152
1.0000
-0.5861
-0.4464
1.0000
-0.4559
-0.4393
1.0000
-0.3057
-0.4462
1.0000
-0.1629
-0.4471
1.0000
-0.0272
-0.4525
1.0000
0.0987
-0.4499
1.0000
0.2369
-0.4591
1.0000
0.3790
-0.4606
1.0000
0.5230
-0.4611
1.0000
-0.6433
-0.5858
1.0000
-0.4745
-0.6127
1.0000
-0.3378
-0.6043
1.0000
-0.1824
-0.6061
1.0000
-0.0243
-0.6071
1.0000
0.1127
-0.6149
1.0000
0.2719
-0.6191
1.0000
0.4250
-0.6150
1.0000
0.5739
-0.6275
1.0000
-82.1110
68.1343
151.4596
-62.5761
67.1792
151.5841
-43.0687
66.5444
150.9416
-23.4637
66.9060
150.4210
-3.8806
66.0864
150.8035
17.0275
66.0338
151.0668
37.3177
65.8184
151.6187
57.6404
65.4309
152.1753
77.5977
66.7631
151.7769
-82.2535
49.8551
159.5746
-62.0161
49.7129
159.7423
-42.9467
49.5802
159.3939
-22.3551
49.1481
159.5864
-3.5536
48.2428
159.8923
17.8254
49.1339
159.5164
37.4041
47.3988
160.4106
58.0171
47.7090
159.9819
76.6335
47.4762
160.0607
-82.7559
30.9251
165.3435
-63.9650
30.2003
165.6827
-43.4870
29.5281
166.0360
-24.4057
30.2292
165.9014
-3.9910
29.8807
165.8967
17.2258
29.0426
166.0024
36.3746
28.9422
166.1810
55.8977
28.7626
165.9859
76.9488
28.3014
165.9044
-83.5226
10.7419
168.0758
-63.3457
10.2209
167.9521
-43.7372
10.3431
167.9623
-23.9876
9.7700
168.1515
-4.1509
9.9221
168.0983
15.5849
9.4533
168.2759
36.2469
10.0415
168.3176
56.0990
8.9023
168.2540
75.9434
9.1089
168.5688
-83.5459
-8.8096
166.3582
-63.5643
-8.5512
166.7392
-44.4519
-9.4352
166.5475
-24.2020
-9.8697
166.4538
-5.0654
-10.2399
166.6026
15.9491
-10.1672
166.8035
35.5589
-10.2510
167.0493
55.9647
-10.3048
167.1759
76.4534
-10.5924
167.1877
-83.5954
-27.0557
161.7075
-63.9613
-28.0662
161.5478
-43.7605
-28.2923
161.5786
-25.4247
-28.9173
161.7767
-5.2547
-28.6716
162.0914
15.5785
-29.1270
162.3706
35.7511
-29.5749
162.0555
55.0195
-29.9087
161.9769
76.0580
-30.4806
161.7319
-83.9631
-45.8994
153.3235
-65.1609
-46.3274
153.9041
-43.7608
-47.3036
153.8287
-24.6787
-46.7918
154.7112
-4.8491
-46.7936
154.6663
14.9696
-46.9217
154.3414
34.6916
-47.7847
153.7754
55.0485
-48.1283
153.4084
75.7942
-47.7211
153.5927
-84.8612
-63.5680
143.1228
-64.8158
-64.2845
144.7115
-44.9900
-64.4294
145.4919
-24.6454
-64.9054
145.2111
-4.6778
-64.8186
143.8014
14.4483
-64.8327
143.2689
33.9476
-65.1572
142.8668
54.1816
-65.3032
142.8745
75.2346
-65.3623
143.1353
-85.4065
-79.2868
133.0700
-64.7138
-81.8206
133.9860
-44.9467
-82.5120
135.7296
-25.0083
-82.0130
135.0884
-4.9013
-81.4504
133.2289
14.2280
-81.2030
132.1463
34.9094
-81.0550
131.9007
54.9650
-81.3885
132.2715
75.0186
-81.6503
132.4710
