-0.3509
0.3478
1.0000
-0.3399
0.3791
1.0000
-0.2982
0.4393
1.0000
-0.2018
0.4988
1.0000
-0.0760
0.5153
1.0000
0.0786
0.5100
1.0000
0.1839
0.4941
1.0000
0.2705
0.4475
1.0000
0.3018
0.4031
1.0000
-0.3470
0.2515
1.0000
-0.3356
0.2768
1.0000
-0.2892
0.3211
1.0000
-0.1961
0.3550
1.0000
-0.0673
0.3655
1.0000
0.0809
0.3787
1.0000
0.1889
0.3573
1.0000
0.2835
0.3337
1.0000
0.3154
0.3077
1.0000
-0.3534
0.1422
1.0000
-0.3327
0.1536
1.0000
-0.2847
0.1795
1.0000
-0.1896
0.2161
1.0000
-0.0614
0.2270
1.0000
0.1068
0.2480
1.0000
0.1978
0.2258
1.0000
0.2573
0.2207
1.0000
0.3067
0.1980
1.0000
-0.3520
0.0215
1.0000
-0.3319
0.0507
1.0000
-0.2845
0.0551
1.0000
-0.1774
0.0768
1.0000
-0.0393
0.0955
1.0000
0.0864
0.0940
1.0000
0.2021
0.0962
1.0000
0.2809
0.0908
1.0000
0.3099
0.0754
1.0000
-0.3546
-0.0749
1.0000
-0.3232
-0.0792
1.0000
-0.2623
-0.0712
1.0000
-0.1701
-0.0687
1.0000
-0.0371
-0.0595
1.0000
0.1049
-0.0531
1.0000
0.2166
-0.0443
1.0000
0.2892
-0.0259
1.0000
0.3222
-0.0266
1.0000
-0.3489
-0.1800
1.0000
-0.3266
-0.2004
1.0000
-0.2718
-0.2020
1.0000
-0.1725
-0.2209
1.0000
-0.0328
-0.1981
1.0000
0.1180
-0.1922
1.0000
0.2298
-0.1786
1.0000
0.3014
-0.1589
1.0000
0.3289
-0.1395
1.0000
-0.3549
-0.2900
1.0000
-0.3187
-0.3164
1.0000
-0.2557
-0.3400
1.0000
-0.1616
-0.3557
1.0000
-0.0190
-0.3505
1.0000
0.1163
-0.3307
1.0000
0.2401
-0.3206
1.0000
0.3097
-0.2809
1.0000
0.3358
-0.2509
1.0000
-0.3553
-0.4131
1.0000
-0.3230
-0.4465
1.0000
-0.2551
-0.4787
1.0000
-0.1576
-0.5075
1.0000
-0.0064
-0.5069
1.0000
0.1385
-0.4916
1.0000
0.2377
-0.4465
1.0000
0.3072
-0.4003
1.0000
0.3450
-0.3618
1.0000
-0.3604
-0.5300
1.0000
-0.3250
-0.5825
1.0000
-0.2654
-0.6158
1.0000
-0.1435
-0.6521
1.0000
-0.0074
-0.6618
1.0000
0.1429
-0.6390
1.0000
0.2455
-0.5875
1.0000
0.3178
-0.5252
1.0000
0.3551
-0.4759
1.0000
-67.1995
65.7226
188.5884
-57.6683
66.9177
171.6465
-45.6817
68.5100
156.1236
-29.8450
70.9684
144.6970
-10.7868
71.7764
139.6032
10.1148
73.0253
141.5983
28.3113
73.6916
150.2733
43.3505
73.8822
165.1315
54.6526
75.7498
181.7204
-66.2066
45.8394
187.0687
-56.5815
47.6410
169.1295
-44.4628
49.5895
154.4566
-27.4008
51.0106
143.0417
-8.8130
51.7313
138.6392
12.3950
54.0362
141.7908
29.9761
53.3489
150.7165
45.1494
54.5238
164.7535
55.5200
54.7188
180.4057
-65.1074
25.9021
185.7301
-56.7994
27.0480
168.9070
-43.6141
28.4301
153.4313
-27.6502
30.8004
142.9619
-7.7874
32.2777
137.9838
13.4345
33.0125
140.7368
30.4785
33.8612
149.8100
44.9675
34.5566
162.9432
56.7554
34.6065
180.4475
-64.6595
5.4626
184.5984
-55.5220
6.9775
166.6412
-42.6675
8.9860
151.8772
-25.7288
10.2788
141.4968
-6.3767
12.0981
137.0190
13.2781
13.0157
139.8220
31.8206
14.7414
149.0279
46.7217
14.4872
162.5354
57.4195
14.9067
179.6499
-64.6922
-14.1143
182.4783
-54.6522
-11.8866
165.3469
-41.8632
-10.9566
151.0020
-24.5144
-9.5546
140.3734
-5.6905
-8.2598
136.2184
15.1937
-6.7125
139.1398
32.6399
-5.6897
148.3905
47.7388
-4.9986
162.2379
58.8493
-4.8212
179.5903
-64.0773
-33.0972
180.9013
-53.9323
-32.2075
164.0338
-40.1676
-30.4915
149.1583
-24.2004
-29.2969
139.8979
-4.5383
-27.2828
135.4217
16.2420
-26.2574
138.7492
34.1189
-25.7527
148.1692
48.4017
-25.4423
161.2461
60.1928
-25.5907
178.8660
-63.9179
-53.6992
179.2019
-53.5952
-52.0249
163.3628
-38.8960
-51.0557
147.8456
-22.1474
-48.6080
138.5293
-2.5736
-46.9470
134.7412
16.9988
-45.8927
137.3592
34.6563
-46.0243
146.1716
49.7360
-45.6347
160.8746
61.4163
-44.6836
178.2079
-63.6570
-74.1297
178.3663
-52.2248
-72.2533
161.7536
-38.4349
-70.0925
147.3976
-20.6516
-68.9530
137.4449
-0.7986
-67.9531
133.6910
18.2806
-67.0535
136.8919
35.5767
-66.4899
146.2650
50.4332
-65.7212
160.2443
62.6308
-65.2070
177.3243
-63.1375
-92.9207
177.3104
-51.0628
-92.5366
160.1654
-37.2479
-90.5764
146.0800
-19.5496
-88.7761
136.4213
0.3742
-87.7152
132.9022
19.3225
-86.7743
135.9296
37.7098
-85.7355
146.3588
51.8906
-85.0154
160.4979
63.8095
-84.8038
176.7172
