-0.5799
0.4733
1.0000
-0.4247
0.4560
1.0000
-0.2853
0.4464
1.0000
-0.1418
0.4294
1.0000
-0.0041
0.4378
1.0000
0.1185
0.4061
1.0000
0.2488
0.3930
1.0000
0.3629
0.3888
1.0000
0.4849
0.3772
1.0000
-0.6094
0.3727
1.0000
-0.4507
0.3645
1.0000
-0.2976
0.3558
1.0000
-0.1486
0.3370
1.0000
-0.0013
0.3259
1.0000
0.1466
0.3237
1.0000
0.2690
0.3011
1.0000
0.4016
0.2853
1.0000
0.5227
0.2871
1.0000
-0.6389
0.2237
1.0000
-0.4791
0.2299
1.0000
-0.3020
0.2143
1.0000
-0.1651
0.1937
1.0000
-0.0076
0.1981
1.0000
0.1565
0.1785
1.0000
0.2794
0.1762
1.0000
0.4003
0.1696
1.0000
0.5451
0.1627
1.0000
-0.6356
0.0608
1.0000
-0.4658
0.0642
1.0000
-0.3018
0.0531
1.0000
-0.1572
0.0438
1.0000
-0.0072
0.0443
1.0000
0.1305
0.0374
1.0000
0.2751
0.0243
1.0000
0.3947
0.0226
1.0000
0.5408
0.0261
1.0000
-0.6020
-0.0681
1.0000
-0.4494
-0.0792
1.0000
-0.3094
-0.0799
1.0000
-0.1632
-0.0848
1.0000
-0.0307
-0.0968
1.0000
0.1178
-0.0898
1.0000
0.2528
-0.1052
1.0000
0.3794
-0.0941
1.0000
0.5116
-0.1005
1.0000
-0.5648
-0.1689
1.0000
-0.4287
-0.1700
1.0000
-0.2854
-0.1763
1.0000
-0.1608
-0.1843
1.0000
-0.0435
-0.1947
1.0000
0.0944
-0.1986
1.0000
0.2264
-0.2050
1.0000
0.3426
-0.2123
1.0000
0.4788
-0.2151
1.0000
-0.5261
-0.2350
1.0000
-0.4043
-0.2460
1.0000
-0.2653
-0.2569
1.0000
-0.1621
-0.2557
1.0000
-0.0346
-0.2771
1.0000
0.0802
-0.2828
1.0000
0.1941
-0.2809
1.0000
0.3080
-0.3014
1.0000
0.4253
-0.2910
1.0000
-0.5000
-0.2938
1.0000
-0.3723
-0.2970
1.0000
-0.2739
-0.3040
1.0000
-0.1604
-0.3111
1.0000
-0.0431
-0.3191
1.0000
0.0630
-0.3221
1.0000
0.1500
-0.3401
1.0000
0.2634
-0.3424
1.0000
0.3927
-0.3559
1.0000
-0.4742
-0.3475
1.0000
-0.3465
-0.3509
1.0000
-0.2582
-0.3464
1.0000
-0.1449
-0.3483
1.0000
-0.0424
-0.3655
1.0000
0.0493
-0.3685
1.0000
0.1448
-0.3872
1.0000
0.2473
-0.3891
1.0000
0.3475
-0.4020
1.0000
-79.7427
65.9536
138.5350
-60.3268
64.9511
140.9186
-40.8716
64.4525
143.4562
-21.5525
64.5205
146.6350
-2.2455
63.5499
148.9469
18.4795
62.8363
152.2703
38.4966
61.8283
155.1394
58.5660
60.8571
158.1035
78.2158
61.4948
162.0902
-78.8870
48.3092
128.9083
-58.7429
47.7915
131.8309
-39.6787
47.5148
134.4139
-19.5056
46.7249
137.2959
-0.8022
45.4400
139.8317
20.3054
45.6672
143.4557
39.6602
43.5595
145.8429
59.9750
43.5504
149.0418
78.5092
42.8072
151.9340
-78.9658
28.6891
124.7586
-60.3890
27.5028
127.5607
-40.2000
26.5093
130.2977
-21.2966
26.8443
132.8714
-1.1018
26.1921
135.6230
19.9466
24.9518
138.4964
38.9025
24.4197
141.3027
58.2526
24.0386
143.8945
79.1017
23.2194
146.6442
-80.5519
8.2553
127.7709
-60.5908
7.2364
129.8211
-41.1110
6.8888
131.8840
-21.3508
6.0078
134.4335
-1.7050
5.7535
136.6362
17.8547
4.9995
139.1005
38.3440
5.1585
141.4028
57.9730
3.6756
143.7174
77.7434
3.4276
146.4327
-81.9117
-9.6215
136.2219
-62.0744
-10.1190
137.5510
-43.0585
-11.5572
139.5059
-22.8129
-12.6630
141.3711
-3.8737
-13.6176
143.0769
17.0998
-14.1293
145.0721
36.6150
-14.6063
146.9173
56.9529
-15.1881
148.9845
77.2004
-15.9890
150.9554
-83.6572
-24.3160
148.2330
-64.1251
-26.2318
149.7828
-43.8993
-27.6045
151.0791
-25.7011
-28.9549
152.3013
-5.6054
-29.7254
153.2812
15.3133
-30.9550
155.2699
35.2441
-32.2310
156.4916
54.3925
-33.3222
158.2593
75.6496
-34.7883
160.4024
-85.6340
-38.7144
163.1719
-66.7981
-39.9358
164.0418
-45.5660
-42.2135
165.6720
-26.3729
-42.9241
166.0345
-6.8178
-44.2442
166.6754
12.9230
-45.9040
167.6803
32.5173
-47.9340
169.3457
52.7473
-49.5804
170.4197
73.7443
-50.1404
171.6101
-88.1166
-52.4918
177.8264
-68.0787
-53.3510
179.0463
-48.2472
-54.6452
179.7826
-28.1082
-56.4414
181.0374
-8.1939
-58.5260
182.1540
10.9234
-60.3341
183.0623
30.1520
-62.1139
183.8728
50.4210
-63.8298
184.5035
71.4135
-65.3450
185.1897
-90.4384
-66.3326
190.3670
-69.5285
-67.8543
193.6407
-50.0176
-68.4851
194.8079
-29.5971
-69.7805
196.0993
-10.0841
-71.3804
197.1050
9.0872
-73.0364
198.1844
29.7494
-74.8892
198.1689
49.6091
-76.4889
199.1423
69.6307
-78.5994
199.5832
