-0.3729
0.3586
1.0000
-0.3407
0.4005
1.0000
-0.2962
0.4384
1.0000
-0.1938
0.4908
1.0000
-0.0756
0.5265
1.0000
0.0828
0.5282
1.0000
0.2169
0.5176
1.0000
0.3182
0.4927
1.0000
0.3740
0.4662
1.0000
-0.3879
0.2638
1.0000
-0.3529
0.2890
1.0000
-0.2856
0.3244
1.0000
-0.1886
0.3583
1.0000
-0.0562
0.3664
1.0000
0.1012
0.3773
1.0000
0.2187
0.3692
1.0000
0.3223
0.3546
1.0000
0.3625
0.3400
1.0000
-0.3870
0.1447
1.0000
-0.3513
0.1615
1.0000
-0.2861
0.1881
1.0000
-0.1984
0.2213
1.0000
-0.0434
0.2278
1.0000
0.1040
0.2169
1.0000
0.2103
0.2321
1.0000
0.3057
0.2199
1.0000
0.3622
0.2256
1.0000
-0.3695
0.0330
1.0000
-0.3600
0.0398
1.0000
-0.2810
0.0508
1.0000
-0.1765
0.0692
1.0000
-0.0441
0.0733
1.0000
0.1015
0.0805
1.0000
0.2284
0.0956
1.0000
0.3095
0.1034
1.0000
0.3476
0.1084
1.0000
-0.3935
-0.0832
1.0000
-0.3531
-0.0730
1.0000
-0.2849
-0.0853
1.0000
-0.1614
-0.0875
1.0000
-0.0252
-0.0733
1.0000
0.1115
-0.0604
1.0000
0.2208
-0.0378
1.0000
0.2929
-0.0283
1.0000
0.3247
-0.0004
1.0000
-0.3943
-0.1898
1.0000
-0.3500
-0.2005
1.0000
-0.2762
-0.2083
1.0000
-0.1702
-0.2290
1.0000
-0.0255
-0.2064
1.0000
0.1198
-0.1902
1.0000
0.2201
-0.1683
1.0000
0.2904
-0.1433
1.0000
0.3349
-0.1160
1.0000
-0.4029
-0.3080
1.0000
-0.3541
-0.3304
1.0000
-0.2696
-0.3588
1.0000
-0.1493
-0.3583
1.0000
-0.0119
-0.3454
1.0000
0.1229
-0.3288
1.0000
0.2220
-0.2962
1.0000
0.2823
-0.2464
1.0000
0.3242
-0.2117
1.0000
-0.4057
-0.4240
1.0000
-0.3618
-0.4634
1.0000
-0.2674
-0.4831
1.0000
-0.1411
-0.4996
1.0000
-0.0029
-0.4866
1.0000
0.1286
-0.4615
1.0000
0.2106
-0.4035
1.0000
0.2675
-0.3691
1.0000
0.3213
-0.3129
1.0000
-0.4166
-0.5349
1.0000
-0.3461
-0.5926
1.0000
-0.2465
-0.6243
1.0000
-0.1261
-0.6373
1.0000
0.0134
-0.6265
1.0000
0.1293
-0.5728
1.0000
0.2137
-0.5152
1.0000
0.2627
-0.4617
1.0000
0.3122
-0.4041
1.0000
-69.5217
65.8277
182.0746
-57.8196
66.5736
166.4484
-44.5729
67.6391
151.8552
-28.5417
69.5094
140.6863
-9.7294
69.9272
134.7157
11.3013
71.4171
134.4379
30.5804
72.9027
139.9253
48.0783
74.7659
151.4238
62.6075
78.9028
164.6791
-69.1549
45.8607
180.6751
-57.1532
47.2499
164.2306
-43.8547
48.5753
150.3619
-26.2061
49.5078
139.9224
-7.7340
49.8944
135.1545
13.6476
52.4983
136.1236
32.1744
52.6582
142.8842
49.2360
55.6247
154.6135
62.3256
58.1227
167.9572
-68.6208
25.9474
179.5488
-58.0898
26.6396
164.0035
-43.3500
27.4109
149.8539
-26.6161
29.2757
140.5383
-6.6355
30.4303
136.0425
14.6350
31.3908
138.1016
32.1791
33.3363
144.8574
48.2480
35.5991
156.8662
62.4423
38.4314
172.3551
-68.9500
5.5637
178.5624
-57.3215
6.5155
161.9260
-42.6543
7.9841
148.9347
-24.7145
8.7135
140.2788
-5.1384
10.2785
136.9142
14.4247
11.5461
139.6189
33.3851
14.1762
147.8278
49.2095
15.8604
160.3108
61.0219
19.1390
176.1305
-69.6529
-13.9855
176.1977
-56.9180
-12.3493
160.8302
-42.1087
-12.0380
148.5721
-23.5181
-11.1778
140.2525
-4.3921
-10.1264
138.0206
16.1850
-8.1731
141.6275
33.7155
-5.9617
151.0804
49.1532
-3.2052
164.2799
60.5816
-0.0435
181.0306
-69.4790
-33.0147
174.7353
-56.5342
-32.6975
159.8417
-40.4567
-31.6439
147.5307
-23.2597
-30.8713
140.8744
-3.0860
-29.1040
139.0297
17.0665
-27.6243
144.6013
34.5665
-25.6982
154.4023
48.5343
-23.4585
167.6996
60.4054
-20.4897
184.9125
-69.9058
-53.6499
172.8660
-56.7292
-52.5338
159.5888
-39.3486
-52.2625
147.0503
-21.0942
-50.2142
141.0578
-1.1903
-48.7153
140.5079
17.7915
-47.3375
145.7391
34.4461
-45.7723
157.3447
48.6319
-43.2312
171.8056
60.3650
-39.2260
188.6739
-70.2529
-74.1247
172.3705
-55.6165
-72.7935
158.4942
-39.1066
-71.2581
147.3373
-19.4523
-70.6113
141.5864
0.6282
-69.6373
141.9151
18.6559
-68.2308
149.2231
34.3905
-66.1319
160.5893
48.0370
-63.0684
175.5873
60.1634
-59.5305
192.2635
-70.1766
-92.9143
171.6764
-54.8174
-93.2406
157.3061
-37.8681
-91.8274
147.0351
-18.2507
-90.4634
142.0507
1.7374
-89.4447
143.6999
19.1634
-87.7733
151.1159
35.5042
-85.0016
164.9452
48.2094
-81.8626
180.0123
59.9406
-78.7338
196.0784
