-0.4652
0.3246
1.0000
-0.3632
0.3189
1.0000
-0.2458
0.3269
1.0000
-0.1442
0.3373
1.0000
-0.0345
0.3448
1.0000
0.0751
0.3538
1.0000
0.1915
0.3547
1.0000
0.3088
0.3428
1.0000
0.4179
0.3753
1.0000
-0.5149
0.2654
1.0000
-0.3836
0.2725
1.0000
-0.2657
0.2722
1.0000
-0.1398
0.2842
1.0000
-0.0266
0.2825
1.0000
0.0954
0.2938
1.0000
0.2118
0.2874
1.0000
0.3348
0.2889
1.0000
0.4473
0.3006
1.0000
-0.5407
0.1870
1.0000
-0.4218
0.1776
1.0000
-0.2958
0.1936
1.0000
-0.1620
0.2062
1.0000
-0.0361
0.2099
1.0000
0.1060
0.2060
1.0000
0.2289
0.2060
1.0000
0.3569
0.2025
1.0000
0.4932
0.2073
1.0000
-0.5761
0.0701
1.0000
-0.4283
0.0868
1.0000
-0.3057
0.0768
1.0000
-0.1682
0.0724
1.0000
-0.0203
0.0863
1.0000
0.1051
0.0837
1.0000
0.2504
0.0896
1.0000
0.3752
0.0883
1.0000
0.5143
0.0893
1.0000
-0.5993
-0.0757
1.0000
-0.4484
-0.0572
1.0000
-0.3154
-0.0605
1.0000
-0.1652
-0.0462
1.0000
-0.0344
-0.0597
1.0000
0.1167
-0.0595
1.0000
0.2503
-0.0411
1.0000
0.3878
-0.0394
1.0000
0.5339
-0.0396
1.0000
-0.6053
-0.1967
1.0000
-0.4515
-0.2032
1.0000
-0.3019
-0.1963
1.0000
-0.1726
-0.1943
1.0000
-0.0353
-0.1965
1.0000
0.1142
-0.1820
1.0000
0.2592
-0.1845
1.0000
0.3737
-0.1812
1.0000
0.5221
-0.1778
1.0000
-0.5882
-0.3453
1.0000
-0.4393
-0.3220
1.0000
-0.2988
-0.3284
1.0000
-0.1592
-0.3093
1.0000
-0.0305
-0.3190
1.0000
0.1122
-0.3112
1.0000
0.2249
-0.3094
1.0000
0.3611
-0.3007
1.0000
0.4910
-0.2962
1.0000
-0.5498
-0.4331
1.0000
-0.4192
-0.4304
1.0000
-0.2819
-0.4163
1.0000
-0.1513
-0.4185
1.0000
-0.0192
-0.4102
1.0000
0.0950
-0.4140
1.0000
0.2159
-0.4127
1.0000
0.3340
-0.3957
1.0000
0.4625
-0.3894
1.0000
-0.5204
-0.5093
1.0000
-0.3902
-0.5047
1.0000
-0.2657
-0.4962
1.0000
-0.1430
-0.4776
1.0000
-0.0333
-0.4795
1.0000
0.0841
-0.4753
1.0000
0.1976
-0.4758
1.0000
0.3141
-0.4750
1.0000
0.4367
-0.4643
1.0000
-84.1662
58.5163
179.4903
-64.8522
58.6865
179.3331
-45.1453
59.5653
179.2387
-25.7220
60.8706
179.8295
-6.1938
61.3661
179.0565
14.7412
62.3850
179.2122
34.9533
63.0742
178.9027
55.3041
63.6874
178.5726
75.2033
65.6660
179.6757
-83.9480
44.6364
165.0266
-63.7534
45.3235
165.2153
-43.9812
46.5354
165.5299
-23.9207
46.7951
165.4021
-5.0427
46.9293
165.0069
16.3809
48.3776
166.0875
35.7414
47.6733
164.9506
56.5130
48.8991
165.7879
75.1019
49.3801
166.0065
-83.2100
29.1923
152.5540
-64.4695
29.2517
152.5108
-44.1139
29.2459
152.5464
-24.8869
30.5548
153.4354
-4.6512
30.9295
153.7611
16.5937
30.7963
153.9890
35.7224
31.1656
154.7445
55.2209
31.7135
155.2164
76.2481
31.9778
155.6998
-83.1428
10.9187
142.7907
-62.9653
10.9576
143.2619
-43.5200
11.6276
143.9709
-23.6536
11.6001
144.7410
-3.9229
12.2038
145.5606
15.7869
12.2377
146.4275
36.4619
13.3091
147.4997
56.2840
12.7632
148.0520
76.1000
13.3112
149.2604
-82.4971
-8.2662
137.6046
-62.5879
-7.5934
138.9475
-43.5615
-8.0474
139.8814
-23.2587
-8.0350
140.9870
-4.2181
-7.9958
141.9832
16.7661
-7.4814
143.2966
36.3397
-7.1115
144.5367
56.6901
-6.7311
145.7478
77.1636
-6.6135
146.9394
-82.2257
-27.4148
137.8071
-62.6356
-28.0365
139.0999
-42.4599
-27.8314
140.3780
-24.1719
-28.0003
141.8025
-4.0752
-27.2178
143.0517
16.7352
-27.1290
144.9154
36.7454
-27.1765
146.2523
55.9877
-27.2490
147.7871
77.0706
-27.3700
149.6504
-82.6698
-47.6654
142.2860
-63.7362
-47.3330
143.8413
-42.5119
-47.8617
145.5226
-23.3836
-46.7802
146.8733
-3.7680
-46.3528
148.3087
15.9580
-46.2976
149.8846
35.5477
-46.6908
152.0151
55.8943
-46.6873
153.7463
76.6608
-45.6537
155.6020
-83.8837
-66.3250
150.7829
-63.8781
-65.6331
152.4404
-43.9835
-65.0626
154.0103
-23.7234
-65.0449
156.1162
-3.8132
-65.2479
157.7935
15.3677
-65.1976
159.5684
34.6485
-65.1468
161.0624
54.9397
-64.8046
162.8713
75.8041
-64.2462
164.3704
-85.2499
-82.1657
160.9341
-64.3399
-82.5507
164.3935
-44.8494
-81.6089
166.0653
-24.6986
-81.2806
167.4757
-4.8770
-81.6025
169.0436
14.2899
-81.6477
170.4673
35.1622
-81.5520
171.8570
55.0046
-81.0627
173.2831
74.9623
-80.8786
174.6492
