-0.5889
0.4929
1.0000
-0.4505
0.4769
1.0000
-0.3211
0.4702
1.0000
-0.1670
0.4802
1.0000
-0.0405
0.4916
1.0000
0.1081
0.4821
1.0000
0.2424
0.4722
1.0000
0.3718
0.4695
1.0000
0.5101
0.4864
1.0000
-0.6068
0.3558
1.0000
-0.4595
0.3433
1.0000
-0.3136
0.3534
1.0000
-0.1667
0.3512
1.0000
-0.0354
0.3528
1.0000
0.1127
0.3524
1.0000
0.2526
0.3386
1.0000
0.3869
0.3490
1.0000
0.5162
0.3398
1.0000
-0.5955
0.1944
1.0000
-0.4650
0.1918
1.0000
-0.3166
0.2036
1.0000
-0.1810
0.2051
1.0000
-0.0334
0.2058
1.0000
0.1221
0.2003
1.0000
0.2502
0.2069
1.0000
0.3773
0.2075
1.0000
0.5275
0.2049
1.0000
-0.5836
0.0538
1.0000
-0.4422
0.0641
1.0000
-0.2975
0.0644
1.0000
-0.1633
0.0578
1.0000
-0.0259
0.0610
1.0000
0.1004
0.0684
1.0000
0.2421
0.0753
1.0000
0.3803
0.0685
1.0000
0.5227
0.0705
1.0000
-0.5564
-0.0649
1.0000
-0.4269
-0.0694
1.0000
-0.3039
-0.0737
1.0000
-0.1599
-0.0664
1.0000
-0.0350
-0.0705
1.0000
0.1101
-0.0700
1.0000
0.2424
-0.0616
1.0000
0.3791
-0.0550
1.0000
0.5240
-0.0593
1.0000
-0.5331
-0.1692
1.0000
-0.3905
-0.1835
1.0000
-0.2679
-0.1888
1.0000
-0.1656
-0.1836
1.0000
-0.0338
-0.1925
1.0000
0.0957
-0.1838
1.0000
0.2277
-0.1827
1.0000
0.3588
-0.1958
1.0000
0.4903
-0.1856
1.0000
-0.4973
-0.2793
1.0000
-0.3833
-0.2926
1.0000
-0.2630
-0.2860
1.0000
-0.1407
-0.2742
1.0000
-0.0183
-0.2725
1.0000
0.0966
-0.2853
1.0000
0.2225
-0.2898
1.0000
0.3421
-0.2965
1.0000
0.4668
-0.2896
1.0000
-0.4776
-0.3713
1.0000
-0.3602
-0.3568
1.0000
-0.2502
-0.3608
1.0000
-0.1316
-0.3693
1.0000
-0.0145
-0.3727
1.0000
0.0814
-0.3758
1.0000
0.1948
-0.3842
1.0000
0.3193
-0.3827
1.0000
0.4440
-0.3822
1.0000
-0.4617
-0.4531
1.0000
-0.3392
-0.4424
1.0000
-0.2327
-0.4462
1.0000
-0.1252
-0.4487
1.0000
-0.0293
-0.4370
1.0000
0.0883
-0.4493
1.0000
0.2027
-0.4510
1.0000
0.3019
-0.4601
1.0000
0.4221
-0.4678
1.0000
-83.7404
68.2698
141.3917
-64.2374
67.8794
142.2172
-44.6489
68.0956
142.6926
-25.1862
69.2352
143.6973
-5.6100
68.8510
144.0540
15.3241
69.2256
145.0569
35.5758
69.2004
146.1119
55.9163
69.1733
147.0903
75.7800
71.0291
148.4167
-83.3717
48.3529
138.9006
-63.0714
48.7077
139.4557
-43.8997
49.2003
139.8561
-23.4617
49.2492
140.7973
-4.6018
48.8159
141.6616
16.7697
50.2243
142.8384
36.2654
48.8696
143.8250
56.8920
49.8157
144.6647
75.5610
49.9970
145.6814
-83.2204
28.3296
139.3668
-64.4600
28.0708
139.9639
-44.0448
27.8593
140.8040
-24.9438
29.0063
141.2529
-4.5532
29.2344
141.8649
16.6480
28.9069
142.6842
35.7084
29.3373
143.6446
55.3081
29.6619
144.4155
76.3132
29.7997
145.0821
-83.7089
8.0923
143.4159
-63.5703
7.9991
143.4892
-43.9528
8.5216
143.8271
-24.0980
8.4809
144.4034
-4.3280
9.0547
144.5799
15.4448
9.0971
145.2001
35.9683
10.1603
145.4459
55.9290
9.5237
146.0513
75.7355
10.1929
146.7750
-83.3688
-10.6520
149.7376
-63.4091
-10.0402
149.6151
-44.3763
-10.5661
149.7732
-23.9740
-10.7060
149.8722
-4.9223
-10.6946
149.9599
16.0772
-10.2639
149.9667
35.7275
-9.8725
150.1021
56.1324
-9.5472
150.3737
76.6080
-9.3820
150.5400
-83.2456
-27.9348
157.8418
-63.5302
-28.6906
157.7993
-43.3219
-28.7570
157.4663
-24.9944
-29.0268
157.4769
-4.8609
-28.5454
156.8146
16.0329
-28.6255
156.9598
36.1740
-28.8926
156.6186
55.3935
-29.0950
156.7238
76.5183
-29.2569
156.8392
-83.3342
-46.3885
167.1912
-64.4172
-46.2147
167.0369
-43.1530
-47.1040
166.8687
-23.9516
-46.4329
166.1083
-4.1936
-46.3832
165.4747
15.6486
-46.6590
164.8533
35.3731
-47.6517
164.8002
55.8116
-47.8099
164.3564
76.5115
-47.1299
163.9058
-83.9693
-64.5555
176.3107
-63.9231
-64.1320
176.4505
-43.9362
-63.8705
175.9963
-23.6583
-64.3890
175.7274
-3.5336
-65.1442
175.1806
15.6510
-65.5114
174.5750
34.9464
-65.9306
173.8842
55.3815
-66.0962
173.2337
76.3317
-65.9685
172.4848
-84.4823
-81.6036
184.2666
-63.4067
-82.5715
185.5369
-43.6881
-82.0848
185.4431
-23.6319
-81.9643
184.9446
-3.7629
-82.5520
184.2953
15.4994
-82.8472
183.9984
36.3208
-83.1004
183.0137
56.2071
-83.0967
182.1932
76.0443
-83.3369
180.9932
