-0.6288
0.5216
1.0000
-0.4634
0.5128
1.0000
-0.3300
0.4928
1.0000
-0.1796
0.4815
1.0000
-0.0470
0.4573
1.0000
0.0666
0.4322
1.0000
0.1734
0.4063
1.0000
0.2552
0.3806
1.0000
0.3354
0.3656
1.0000
-0.6194
0.3560
1.0000
-0.4585
0.3656
1.0000
-0.3104
0.3704
1.0000
-0.1659
0.3551
1.0000
-0.0304
0.3410
1.0000
0.0976
0.3306
1.0000
0.1888
0.3143
1.0000
0.2868
0.2982
1.0000
0.3593
0.2777
1.0000
-0.6121
0.2172
1.0000
-0.4651
0.2004
1.0000
-0.2981
0.2049
1.0000
-0.1749
0.2053
1.0000
-0.0273
0.2157
1.0000
0.1052
0.2006
1.0000
0.2023
0.1888
1.0000
0.3025
0.1828
1.0000
0.3909
0.1746
1.0000
-0.5820
0.0666
1.0000
-0.4524
0.0524
1.0000
-0.3005
0.0590
1.0000
-0.1560
0.0663
1.0000
-0.0192
0.0738
1.0000
0.1005
0.0713
1.0000
0.2229
0.0830
1.0000
0.3246
0.0812
1.0000
0.4169
0.0615
1.0000
-0.5709
-0.0666
1.0000
-0.4231
-0.0724
1.0000
-0.2948
-0.0690
1.0000
-0.1608
-0.0641
1.0000
-0.0230
-0.0727
1.0000
0.1227
-0.0513
1.0000
0.2348
-0.0474
1.0000
0.3544
-0.0502
1.0000
0.4441
-0.0394
1.0000
-0.5410
-0.1770
1.0000
-0.4202
-0.1897
1.0000
-0.2863
-0.1839
1.0000
-0.1558
-0.2010
1.0000
-0.0262
-0.1815
1.0000
0.1095
-0.1767
1.0000
0.2369
-0.1851
1.0000
0.3531
-0.1735
1.0000
0.4614
-0.1513
1.0000
-0.5151
-0.2950
1.0000
-0.4004
-0.3033
1.0000
-0.2581
-0.3204
1.0000
-0.1527
-0.3136
1.0000
-0.0184
-0.3187
1.0000
0.1163
-0.3113
1.0000
0.2485
-0.3163
1.0000
0.3626
-0.2911
1.0000
0.4757
-0.2810
1.0000
-0.4818
-0.3836
1.0000
-0.3736
-0.4053
1.0000
-0.2697
-0.4125
1.0000
-0.1444
-0.4218
1.0000
-0.0045
-0.4283
1.0000
0.1139
-0.4289
1.0000
0.2241
-0.4328
1.0000
0.3570
-0.4151
1.0000
0.4756
-0.4076
1.0000
-0.4605
-0.4460
1.0000
-0.3442
-0.4864
1.0000
-0.2441
-0.5073
1.0000
-0.1295
-0.5271
1.0000
-0.0168
-0.5250
1.0000
0.1111
-0.5443
1.0000
0.2298
-0.5452
1.0000
0.3560
-0.5313
1.0000
0.4749
-0.5256
1.0000
-82.4617
68.7247
131.1086
-63.3666
68.7942
135.3634
-44.3848
69.4084
140.3294
-25.9243
70.6463
146.7253
-7.5304
70.2637
153.6561
11.5996
70.4608
162.3193
29.5263
69.8679
171.8853
47.0930
68.9735
182.1901
63.7553
69.5662
193.3626
-81.9796
48.7423
132.1938
-61.9120
49.4535
135.3953
-43.1814
50.3832
138.9981
-23.3232
50.8007
144.6035
-5.2691
50.5728
150.1984
14.5426
51.8754
158.3685
32.4594
50.4443
166.2291
50.6678
50.9121
175.9599
66.7516
50.1953
185.5097
-81.9585
28.9567
134.7764
-63.2106
28.8655
136.3826
-42.9610
29.0584
139.3895
-24.2381
30.5444
143.0183
-4.4627
31.1515
148.1347
15.8761
31.1328
154.3197
33.7282
31.5307
161.2719
51.5848
31.6516
169.6238
70.2026
31.1648
179.1462
-82.3910
8.8650
139.3247
-62.2518
8.7874
139.1852
-42.6430
9.5004
140.6593
-22.9323
9.8039
143.4552
-3.4821
10.8831
147.1152
15.6377
11.2645
151.9443
35.3875
12.6499
157.9633
54.0430
12.1811
164.6586
71.9793
12.5590
173.7759
-82.0440
-10.1465
144.8747
-62.0930
-9.7497
143.6214
-43.0356
-10.2500
143.7918
-22.6493
-10.0038
144.9908
-3.6820
-9.5552
147.4914
16.9955
-8.5900
151.2324
36.0870
-7.7009
155.8156
55.6214
-7.0495
161.8362
74.8044
-6.6786
169.0709
-81.7410
-27.9331
151.8422
-62.1493
-29.2114
149.6878
-42.0151
-29.4350
148.2137
-23.5940
-29.6092
148.3122
-3.4333
-28.6554
149.2434
17.2991
-28.1615
152.0944
37.0500
-27.7803
155.1385
55.9716
-27.4753
159.6323
76.1741
-27.1980
165.9042
-81.6119
-46.8677
160.0224
-62.8854
-47.6418
157.0348
-41.6969
-49.1431
154.5358
-22.5724
-48.4672
152.9664
-2.7380
-48.1725
152.7889
17.1151
-47.8645
153.7087
36.7482
-48.1576
156.0935
56.8111
-47.7326
159.0919
77.1455
-46.3633
163.9118
-81.7308
-65.0883
169.3500
-62.0429
-66.0160
165.5867
-42.3436
-66.7914
161.8704
-22.2405
-67.8819
159.3559
-2.2140
-68.6853
157.7503
17.0185
-68.7719
157.5236
36.5081
-68.6200
158.4510
56.7243
-67.9528
160.3926
77.5161
-67.0088
163.4662
-81.5949
-81.4123
178.7314
-60.9734
-84.1498
175.3908
-41.7351
-85.2098
171.0847
-21.9887
-86.1791
167.1838
-2.2183
-87.4300
164.1908
16.9406
-87.9492
162.6212
37.7837
-87.7413
162.0672
57.6953
-87.1177
163.0659
77.8188
-86.5941
164.7082
