-0.6458
0.4960
1.0000
-0.4966
0.4946
1.0000
-0.3399
0.4989
1.0000
-0.1918
0.5007
1.0000
-0.0327
0.4967
1.0000
0.1250
0.5076
1.0000
0.2719
0.4895
1.0000
0.4219
0.4788
1.0000
0.5664
0.4880
1.0000
-0.6478
0.3518
1.0000
-0.4858
0.3475
1.0000
-0.3374
0.3482
1.0000
-0.1811
0.3538
1.0000
-0.0335
0.3450
1.0000
0.1282
0.3515
1.0000
0.2789
0.3407
1.0000
0.4404
0.3487
1.0000
0.5765
0.3425
1.0000
-0.6113
0.1789
1.0000
-0.4811
0.1808
1.0000
-0.3232
0.1785
1.0000
-0.2009
0.1877
1.0000
-0.0311
0.1912
1.0000
0.1252
0.1774
1.0000
0.2576
0.1831
1.0000
0.4268
0.1793
1.0000
0.5781
0.1817
1.0000
-0.5824
0.0422
1.0000
-0.4444
0.0422
1.0000
-0.3065
0.0329
1.0000
-0.1811
0.0341
1.0000
-0.0339
0.0314
1.0000
0.1158
0.0551
1.0000
0.2726
0.0356
1.0000
0.4068
0.0336
1.0000
0.5525
0.0318
1.0000
-0.5323
-0.0644
1.0000
-0.4227
-0.0621
1.0000
-0.2958
-0.0716
1.0000
-0.1568
-0.0723
1.0000
-0.0359
-0.0813
1.0000
0.1072
-0.0866
1.0000
0.2325
-0.0823
1.0000
0.3743
-0.0850
1.0000
0.5322
-0.0858
1.0000
-0.5001
-0.1385
1.0000
-0.3835
-0.1402
1.0000
-0.2619
-0.1516
1.0000
-0.1529
-0.1680
1.0000
-0.0300
-0.1621
1.0000
0.0942
-0.1740
1.0000
0.2152
-0.1853
1.0000
0.3572
-0.1893
1.0000
0.4795
-0.1969
1.0000
-0.4675
-0.2120
1.0000
-0.3589
-0.2135
1.0000
-0.2397
-0.2310
1.0000
-0.1227
-0.2298
1.0000
-0.0207
-0.2446
1.0000
0.0945
-0.2492
1.0000
0.2143
-0.2713
1.0000
0.3304
-0.2708
1.0000
0.4537
-0.2740
1.0000
-0.4343
-0.2808
1.0000
-0.3260
-0.2876
1.0000
-0.2319
-0.3030
1.0000
-0.1185
-0.3062
1.0000
-0.0134
-0.3224
1.0000
0.0890
-0.3337
1.0000
0.1871
-0.3360
1.0000
0.3189
-0.3390
1.0000
0.4210
-0.3518
1.0000
-0.4117
-0.3614
1.0000
-0.3226
-0.3588
1.0000
-0.2154
-0.3766
1.0000
-0.1180
-0.3841
1.0000
-0.0140
-0.3833
1.0000
0.0731
-0.3978
1.0000
0.1875
-0.4067
1.0000
0.2885
-0.4138
1.0000
0.4116
-0.4112
1.0000
-83.4172
64.9292
129.2668
-63.9208
64.3123
129.3391
-44.3060
64.2866
129.0779
-24.7875
65.1674
129.5329
-5.1889
64.5022
129.8681
15.7887
64.4834
130.4759
36.0337
64.2518
131.1669
56.3422
63.9117
131.7179
76.2907
65.4662
132.6104
-83.3783
44.7813
129.5620
-63.0637
44.9285
129.6484
-43.9230
45.1468
129.2728
-23.4764
44.9485
129.5379
-4.5666
44.2312
129.6739
16.8178
45.3592
129.7271
36.3012
43.7644
130.0957
56.9471
44.4249
130.2059
75.6390
44.3653
130.6752
-83.5666
25.4561
134.6412
-64.6925
24.8255
134.3658
-44.2939
24.3186
134.2210
-25.2273
25.1120
133.4653
-4.8695
24.9095
133.0938
16.3943
24.2828
132.9064
35.4727
24.3536
132.8517
55.0411
24.3823
132.5944
75.9975
24.1555
132.2437
-84.0267
7.1833
144.2785
-64.0399
6.4123
142.9274
-44.3325
6.2914
141.9049
-24.5131
5.7868
141.2455
-4.6905
5.8179
140.1592
15.0194
5.4573
139.6942
35.5590
5.9743
138.5516
55.3126
4.9114
137.9202
75.3188
5.2771
137.6836
-83.4687
-8.7232
155.9725
-63.7040
-9.0973
153.8891
-44.6079
-10.3982
152.9225
-24.3203
-11.2921
151.6108
-5.2972
-11.9689
150.4102
15.6644
-12.1739
148.9837
35.2787
-12.3495
147.8985
55.6902
-12.5931
146.9525
76.0438
-13.0192
145.8775
-83.0008
-23.0229
168.4574
-63.6104
-24.7753
166.8289
-43.3141
-25.9020
165.0988
-25.2136
-26.9344
163.5595
-5.0678
-27.3707
161.6035
15.9406
-28.1317
160.6425
35.9059
-29.1264
159.0523
54.9860
-29.7704
157.8946
76.1491
-30.6475
156.8395
-82.8446
-38.8088
181.7035
-63.9256
-39.7490
180.0338
-42.8078
-41.7031
178.3398
-23.6768
-41.8933
176.1930
-4.1003
-42.7293
174.0866
15.6088
-43.7661
172.2676
35.3524
-45.3346
171.3950
55.5894
-46.2702
169.6293
76.2806
-46.3930
167.9807
-83.2427
-55.3968
193.6854
-63.2305
-56.0084
192.0027
-43.4356
-56.7958
189.8274
-23.2486
-58.1122
188.4316
-3.2349
-59.5735
186.7515
15.8087
-60.6766
185.1736
35.2091
-61.7058
183.5343
55.3906
-62.5611
181.7399
76.2369
-63.2637
179.7633
-83.9560
-72.1955
201.7873
-62.9982
-74.0833
201.4630
-43.4414
-74.5179
199.8464
-23.2067
-75.0793
198.5100
-3.2832
-76.2976
197.1386
15.7732
-77.1255
195.8619
36.4998
-78.0158
194.0200
56.3404
-78.6968
192.2104
76.2698
-79.6762
190.2061
