-0.5104
0.4130
1.0000
-0.3870
0.4277
1.0000
-0.2679
0.4159
1.0000
-0.1353
0.4211
1.0000
-0.0090
0.4152
1.0000
0.1081
0.4057
1.0000
0.2502
0.3927
1.0000
0.3643
0.3923
1.0000
0.4933
0.3935
1.0000
-0.5701
0.3408
1.0000
-0.4245
0.3351
1.0000
-0.2743
0.3292
1.0000
-0.1354
0.3301
1.0000
-0.0140
0.3198
1.0000
0.1293
0.3223
1.0000
0.2655
0.3106
1.0000
0.4008
0.2948
1.0000
0.5116
0.2908
1.0000
-0.5837
0.2246
1.0000
-0.4552
0.2255
1.0000
-0.2979
0.1990
1.0000
-0.1558
0.2158
1.0000
-0.0038
0.1991
1.0000
0.1326
0.1859
1.0000
0.2738
0.1860
1.0000
0.3955
0.1830
1.0000
0.5358
0.1645
1.0000
-0.6095
0.0859
1.0000
-0.4572
0.0763
1.0000
-0.3043
0.0730
1.0000
-0.1570
0.0648
1.0000
-0.0147
0.0612
1.0000
0.1225
0.0517
1.0000
0.2667
0.0543
1.0000
0.4004
0.0426
1.0000
0.5300
0.0379
1.0000
-0.6075
-0.0712
1.0000
-0.4527
-0.0674
1.0000
-0.3097
-0.0880
1.0000
-0.1679
-0.0736
1.0000
-0.0288
-0.0817
1.0000
0.1197
-0.0850
1.0000
0.2516
-0.0844
1.0000
0.3778
-0.0814
1.0000
0.5134
-0.0876
1.0000
-0.5986
-0.1937
1.0000
-0.4495
-0.1960
1.0000
-0.2930
-0.2015
1.0000
-0.1728
-0.2016
1.0000
-0.0402
-0.1999
1.0000
0.1009
-0.1966
1.0000
0.2324
-0.1897
1.0000
0.3466
-0.2006
1.0000
0.4772
-0.2021
1.0000
-0.5667
-0.3070
1.0000
-0.4381
-0.3013
1.0000
-0.2872
-0.3036
1.0000
-0.1579
-0.2916
1.0000
-0.0349
-0.2968
1.0000
0.0782
-0.2903
1.0000
0.1980
-0.2938
1.0000
0.3250
-0.2811
1.0000
0.4279
-0.2730
1.0000
-0.5344
-0.3790
1.0000
-0.4072
-0.3732
1.0000
-0.2859
-0.3656
1.0000
-0.1699
-0.3610
1.0000
-0.0426
-0.3606
1.0000
0.0661
-0.3549
1.0000
0.1575
-0.3513
1.0000
0.2620
-0.3424
1.0000
0.3717
-0.3288
1.0000
-0.5266
-0.4378
1.0000
-0.3866
-0.4303
1.0000
-0.2623
-0.4112
1.0000
-0.1624
-0.4010
1.0000
-0.0607
-0.3835
1.0000
0.0368
-0.4047
1.0000
0.1562
-0.3848
1.0000
0.2517
-0.3774
1.0000
0.3410
-0.3623
1.0000
-80.3235
65.8978
155.4816
-60.7466
65.5099
155.5646
-41.1029
65.4332
155.7926
-21.6423
65.8945
156.7201
-2.0832
65.0710
157.1701
18.8331
64.7291
158.3946
39.1281
63.9147
159.5507
59.3311
62.9853
160.4952
79.2269
63.8071
162.6815
-80.0939
49.4983
144.0796
-59.8659
49.2044
145.0515
-40.5820
49.0966
145.9471
-20.1868
48.3648
146.9535
-1.3398
47.1787
147.7776
19.9772
47.5606
149.5201
39.4654
45.5809
150.0801
60.0773
45.7420
151.2922
78.7129
45.0832
152.4915
-80.1861
31.0560
136.4231
-61.4735
29.9975
137.5644
-41.1675
28.8455
138.9410
-22.0553
29.0716
140.4973
-1.7953
28.5190
141.8085
19.4080
27.2833
143.1978
38.4592
26.7067
144.7791
57.9570
26.3048
146.0106
78.9702
25.4424
147.3866
-81.1233
10.6043
133.2205
-61.0851
9.6560
134.7101
-41.5128
9.3802
136.3741
-21.8511
8.4266
138.1063
-2.0940
8.1627
139.8429
17.4989
7.3611
141.6163
38.0602
7.4657
143.3211
57.8042
5.9988
144.8575
77.6283
5.7258
146.9447
-81.6603
-9.2115
134.6927
-61.8468
-9.3102
136.6173
-42.8719
-10.5465
138.7523
-22.6979
-11.3785
140.6503
-3.8107
-12.0947
142.6473
17.2018
-12.4476
144.9267
36.6853
-12.7679
146.8395
57.0483
-13.2224
149.1170
77.2446
-13.8241
151.1329
-82.7905
-27.4617
140.3818
-63.2785
-28.7331
142.7528
-43.2267
-29.2639
145.1247
-25.0851
-30.0561
147.3847
-5.0289
-30.0470
149.5471
15.7509
-30.5999
152.3815
35.6244
-31.3182
154.7729
54.6591
-31.9031
157.4408
75.8251
-32.6366
160.4946
-84.6000
-45.7261
150.0269
-65.8532
-45.9515
152.5731
-44.7677
-47.0630
155.7169
-25.6952
-46.5897
157.5693
-6.1457
-46.7691
160.0952
13.5409
-47.0420
162.8440
32.8874
-48.0085
166.2508
52.9780
-48.3049
169.1636
73.6596
-47.7271
171.9516
-87.3270
-61.8066
161.9858
-67.3695
-61.8821
164.7651
-47.3149
-61.6789
167.8114
-27.6206
-62.0525
170.6538
-7.8206
-61.9336
175.0297
11.2347
-62.2935
177.6446
30.1818
-62.4102
180.3612
50.9751
-62.1064
184.1273
71.2700
-61.8815
186.9155
-90.1858
-75.3284
175.3846
-69.3836
-76.4203
179.2319
-49.9512
-75.6274
182.4045
-29.9378
-74.9068
185.8054
-10.4803
-75.1519
189.1847
8.6307
-74.8043
192.5912
29.3106
-74.3941
196.1930
48.7312
-73.9738
199.0614
68.8596
-73.4607
202.6348
