-0.6370
0.5031
1.0000
-0.4929
0.4975
1.0000
-0.3474
0.4967
1.0000
-0.1880
0.5037
1.0000
-0.0264
0.4987
1.0000
0.1369
0.4862
1.0000
0.2883
0.5031
1.0000
0.4513
0.4906
1.0000
0.6090
0.4933
1.0000
-0.5956
0.3485
1.0000
-0.4650
0.3512
1.0000
-0.3149
0.3365
1.0000
-0.1603
0.3317
1.0000
-0.0186
0.3467
1.0000
0.1245
0.3429
1.0000
0.2708
0.3349
1.0000
0.4279
0.3328
1.0000
0.5652
0.3377
1.0000
-0.5667
0.2041
1.0000
-0.4301
0.2012
1.0000
-0.3071
0.1981
1.0000
-0.1707
0.1966
1.0000
-0.0309
0.2038
1.0000
0.1191
0.1899
1.0000
0.2481
0.1906
1.0000
0.3808
0.1916
1.0000
0.5129
0.1913
1.0000
-0.5420
0.0799
1.0000
-0.4179
0.0719
1.0000
-0.2856
0.0707
1.0000
-0.1511
0.0646
1.0000
-0.0299
0.0763
1.0000
0.0928
0.0769
1.0000
0.2324
0.0803
1.0000
0.3591
0.0656
1.0000
0.4732
0.0781
1.0000
-0.5148
-0.0392
1.0000
-0.3893
-0.0429
1.0000
-0.2776
-0.0425
1.0000
-0.1462
-0.0449
1.0000
-0.0301
-0.0456
1.0000
0.0956
-0.0439
1.0000
0.2173
-0.0352
1.0000
0.3443
-0.0371
1.0000
0.4565
-0.0371
1.0000
-0.4932
-0.1468
1.0000
-0.3823
-0.1565
1.0000
-0.2573
-0.1514
1.0000
-0.1535
-0.1446
1.0000
-0.0155
-0.1470
1.0000
0.0864
-0.1528
1.0000
0.2053
-0.1522
1.0000
0.3222
-0.1567
1.0000
0.4486
-0.1581
1.0000
-0.4927
-0.2668
1.0000
-0.3876
-0.2653
1.0000
-0.2632
-0.2697
1.0000
-0.1389
-0.2638
1.0000
-0.0400
-0.2667
1.0000
0.0816
-0.2583
1.0000
0.2129
-0.2718
1.0000
0.3211
-0.2722
1.0000
0.4433
-0.2656
1.0000
-0.5056
-0.3957
1.0000
-0.3869
-0.3974
1.0000
-0.2629
-0.3794
1.0000
-0.1405
-0.3889
1.0000
-0.0365
-0.3918
1.0000
0.0780
-0.3883
1.0000
0.2049
-0.3965
1.0000
0.3279
-0.3868
1.0000
0.4497
-0.3897
1.0000
-0.5326
-0.5232
1.0000
-0.3961
-0.5243
1.0000
-0.2780
-0.5254
1.0000
-0.1486
-0.5142
1.0000
-0.0186
-0.5260
1.0000
0.1023
-0.5197
1.0000
0.2250
-0.5241
1.0000
0.3435
-0.5209
1.0000
0.4625
-0.5071
1.0000
-82.6607
65.4487
128.9900
-63.1097
64.5599
128.6970
-43.5633
64.0679
128.1706
-24.0650
64.5769
127.6955
-4.4556
63.7062
127.8792
16.4998
63.4961
127.6460
36.7895
63.0080
127.6310
57.1435
62.4693
127.7002
77.1084
63.7201
127.0070
-82.7709
47.2252
137.1815
-62.4200
47.0698
137.1335
-43.2744
47.0791
136.9612
-22.8321
46.9504
137.1974
-4.0284
46.1063
137.6163
17.3992
46.8702
136.9124
36.9804
45.3011
137.8281
57.5484
45.5355
137.1759
76.3076
45.3268
137.3738
-83.0382
29.5588
146.5792
-64.2704
29.0870
146.9576
-43.8412
28.7284
147.5183
-24.6860
29.4953
147.3340
-4.3266
29.3221
147.5273
16.9238
28.7456
148.0406
36.0399
28.7428
148.1551
55.5518
28.7175
148.1659
76.6175
28.2838
148.2791
-83.7578
11.5120
156.2242
-63.6185
11.1190
156.3340
-44.0059
11.3938
156.4938
-24.1023
11.1994
157.0997
-4.3495
11.4501
157.1477
15.3765
11.4248
157.5951
36.0143
12.0474
157.5538
55.9722
11.1950
158.1446
75.7212
11.6736
158.3072
-83.5690
-6.7530
163.5282
-63.6273
-6.2165
163.8469
-44.5846
-6.8096
164.2430
-24.2496
-7.0732
164.5787
-5.1609
-7.1621
164.9485
15.8228
-6.8959
165.2417
35.4811
-6.6207
165.6383
55.9083
-6.4116
165.9563
76.3468
-6.4672
166.2335
-83.5486
-25.0014
168.3573
-63.9181
-25.8181
168.7071
-43.6825
-25.7931
169.0760
-25.3168
-26.1035
169.4886
-5.2356
-25.5940
169.5988
15.7222
-25.6368
170.1805
35.7839
-25.9145
170.4334
55.0811
-26.1616
170.7970
76.0822
-26.4970
171.2569
-83.8242
-45.5041
169.4699
-64.9833
-45.4026
169.8647
-43.5150
-46.1940
169.9678
-24.4257
-45.2896
170.5627
-4.6074
-45.0805
170.8977
15.2184
-45.1864
171.0715
34.9482
-46.0396
171.3789
55.3181
-46.2156
171.5732
76.0252
-45.4672
171.9719
-84.5394
-65.5068
166.4818
-64.4182
-65.3943
167.0631
-44.5439
-64.9389
167.3189
-24.1597
-65.3697
167.7168
-4.0954
-65.7669
167.8467
15.0243
-65.9660
168.1152
34.5527
-66.1241
168.4332
54.7741
-65.9503
168.5774
75.8243
-65.6501
168.8810
-84.9766
-83.0699
160.3455
-64.0021
-84.6717
160.7127
-44.3034
-84.4488
161.2704
-24.2073
-84.1710
161.5687
-4.0661
-84.4193
161.5984
15.0881
-84.4389
161.6717
35.8625
-84.2169
161.9375
55.7988
-84.1933
162.6424
75.8559
-84.1652
162.9759
