-0.6533
0.5343
1.0000
-0.4811
0.5195
1.0000
-0.3185
0.5063
1.0000
-0.1675
0.5037
1.0000
-0.0341
0.4614
1.0000
0.0816
0.4480
1.0000
0.1678
0.4045
1.0000
0.2399
0.3765
1.0000
0.3175
0.3540
1.0000
-0.6344
0.3737
1.0000
-0.4663
0.3761
1.0000
-0.3173
0.3669
1.0000
-0.1569
0.3489
1.0000
-0.0317
0.3418
1.0000
0.0923
0.3262
1.0000
0.1960
0.2950
1.0000
0.2827
0.2844
1.0000
0.3371
0.2565
1.0000
-0.6124
0.2201
1.0000
-0.4711
0.2176
1.0000
-0.3119
0.2243
1.0000
-0.1711
0.2247
1.0000
-0.0189
0.2122
1.0000
0.1160
0.1921
1.0000
0.2101
0.2010
1.0000
0.3068
0.1849
1.0000
0.3903
0.1837
1.0000
-0.5836
0.0628
1.0000
-0.4487
0.0585
1.0000
-0.3127
0.0718
1.0000
-0.1608
0.0701
1.0000
-0.0341
0.0594
1.0000
0.1044
0.0668
1.0000
0.2311
0.0854
1.0000
0.3299
0.0743
1.0000
0.4012
0.0647
1.0000
-0.5532
-0.0566
1.0000
-0.4295
-0.0679
1.0000
-0.2987
-0.0804
1.0000
-0.1559
-0.0715
1.0000
-0.0244
-0.0571
1.0000
0.1174
-0.0568
1.0000
0.2317
-0.0484
1.0000
0.3428
-0.0462
1.0000
0.4315
-0.0476
1.0000
-0.5280
-0.1572
1.0000
-0.4137
-0.1840
1.0000
-0.2834
-0.1990
1.0000
-0.1633
-0.2074
1.0000
-0.0281
-0.1972
1.0000
0.1127
-0.2003
1.0000
0.2381
-0.1865
1.0000
0.3377
-0.1761
1.0000
0.4522
-0.1755
1.0000
-0.4834
-0.2616
1.0000
-0.3888
-0.2714
1.0000
-0.2684
-0.3084
1.0000
-0.1526
-0.3098
1.0000
-0.0177
-0.3108
1.0000
0.1061
-0.3065
1.0000
0.2383
-0.3121
1.0000
0.3446
-0.3109
1.0000
0.4735
-0.2893
1.0000
-0.4605
-0.3356
1.0000
-0.3607
-0.3658
1.0000
-0.2580
-0.3972
1.0000
-0.1426
-0.4094
1.0000
-0.0150
-0.4373
1.0000
0.1114
-0.4398
1.0000
0.2209
-0.4292
1.0000
0.3467
-0.4306
1.0000
0.4621
-0.4096
1.0000
-0.4279
-0.4048
1.0000
-0.3289
-0.4291
1.0000
-0.2331
-0.4629
1.0000
-0.1398
-0.5013
1.0000
0.0023
-0.5195
1.0000
0.0981
-0.5323
1.0000
0.2284
-0.5406
1.0000
0.3517
-0.5330
1.0000
0.4667
-0.5314
1.0000
-81.3545
68.2353
126.1299
-62.1279
68.2298
129.7494
-43.0963
68.8425
134.3579
-24.6040
70.2325
140.8124
-6.5828
69.8625
148.7176
12.0997
70.0318
158.4410
29.0781
69.2423
169.5372
45.4182
67.9443
181.6925
60.5520
68.0658
194.8427
-81.2967
48.4565
129.1045
-61.0767
48.9431
131.1545
-42.1730
49.7511
134.3845
-22.3423
50.2175
139.8709
-4.4356
50.0284
145.7419
15.1033
51.3393
154.9339
32.4046
49.7907
164.0363
49.5790
49.9294
175.6135
64.5203
48.9795
186.7272
-81.5430
29.0503
133.7217
-62.7276
28.5443
134.0242
-42.3401
28.5222
136.1027
-23.5027
29.9255
139.3794
-3.7422
30.4579
144.5042
16.4227
30.4681
151.2370
33.8938
30.8201
159.3046
50.9337
30.9183
168.9901
68.5272
30.1881
180.5233
-82.1508
9.5551
140.3806
-62.1110
8.7898
138.5994
-42.3717
9.1104
138.7870
-22.5735
9.2433
140.9308
-3.0412
10.1975
144.2778
16.0354
10.6310
149.2870
35.6074
11.9375
156.0898
53.6369
11.3709
163.8394
70.9411
11.7172
174.6249
-81.8267
-8.6811
147.9002
-62.0607
-9.2314
144.7621
-42.9705
-10.2689
143.6192
-22.5969
-10.4534
143.7598
-3.5292
-10.2217
145.7527
17.1847
-9.3165
149.4020
36.1506
-8.4892
154.5258
55.3767
-7.7888
161.2281
74.0515
-7.6443
170.0574
-81.3282
-25.6364
156.6382
-62.1787
-27.9630
152.7502
-42.1525
-29.0873
149.6281
-23.7961
-29.7589
148.4521
-3.5129
-29.1191
148.5063
17.2585
-28.8728
151.0369
37.0395
-28.6758
154.5137
55.7152
-28.2022
159.3298
75.5258
-28.0206
166.8760
-80.8476
-43.6351
166.8154
-62.6717
-45.4879
162.0606
-41.9613
-48.0491
157.6536
-22.9024
-48.2151
154.4897
-3.0401
-48.3838
153.2159
16.7616
-48.4575
153.5455
36.4583
-48.8994
155.7227
56.5710
-48.5499
159.0290
76.6063
-47.1844
164.7244
-80.5712
-60.7993
177.9945
-61.3996
-62.9552
172.3529
-42.3653
-64.9318
166.6844
-22.6306
-67.0477
162.4613
-2.7595
-68.6118
159.4496
16.5035
-69.1221
158.4503
36.0469
-69.2970
158.8591
56.3458
-68.7420
160.7305
76.9077
-67.8310
164.2752
-80.0524
-76.2224
188.8979
-59.9994
-80.0697
183.7402
-41.4020
-82.3007
177.6701
-22.2194
-84.5968
171.7805
-2.8017
-86.8933
167.2979
16.2291
-87.9513
164.5466
36.9937
-88.1729
163.1526
56.9639
-87.8479
163.8481
77.1016
-87.4406
165.6414
