-0.5161
0.4750
1.0000
-0.3776
0.4580
1.0000
-0.2616
0.4360
1.0000
-0.1280
0.4088
1.0000
-0.0183
0.3931
1.0000
0.1014
0.3854
1.0000
0.2169
0.3654
1.0000
0.3244
0.3395
1.0000
0.4243
0.3393
1.0000
-0.5507
0.3821
1.0000
-0.4108
0.3626
1.0000
-0.2716
0.3499
1.0000
-0.1384
0.3428
1.0000
-0.0081
0.3115
1.0000
0.1185
0.3008
1.0000
0.2437
0.2858
1.0000
0.3540
0.2693
1.0000
0.4589
0.2523
1.0000
-0.5796
0.2565
1.0000
-0.4467
0.2448
1.0000
-0.2930
0.2228
1.0000
-0.1579
0.2204
1.0000
-0.0021
0.2106
1.0000
0.1218
0.1992
1.0000
0.2455
0.1725
1.0000
0.3655
0.1698
1.0000
0.4881
0.1602
1.0000
-0.5906
0.1036
1.0000
-0.4456
0.0947
1.0000
-0.3019
0.0934
1.0000
-0.1641
0.0769
1.0000
-0.0173
0.0638
1.0000
0.1081
0.0583
1.0000
0.2529
0.0644
1.0000
0.3924
0.0523
1.0000
0.5139
0.0432
1.0000
-0.5905
-0.0436
1.0000
-0.4524
-0.0456
1.0000
-0.3086
-0.0531
1.0000
-0.1700
-0.0592
1.0000
-0.0328
-0.0697
1.0000
0.1017
-0.0771
1.0000
0.2435
-0.0741
1.0000
0.3797
-0.0844
1.0000
0.5180
-0.0920
1.0000
-0.5686
-0.1531
1.0000
-0.4398
-0.1748
1.0000
-0.2955
-0.1808
1.0000
-0.1849
-0.1795
1.0000
-0.0311
-0.1786
1.0000
0.1141
-0.1949
1.0000
0.2459
-0.2150
1.0000
0.3624
-0.2230
1.0000
0.5035
-0.2217
1.0000
-0.5327
-0.2614
1.0000
-0.4253
-0.2776
1.0000
-0.2926
-0.2888
1.0000
-0.1678
-0.2936
1.0000
-0.0355
-0.3031
1.0000
0.0889
-0.3204
1.0000
0.2172
-0.3371
1.0000
0.3506
-0.3492
1.0000
0.4871
-0.3318
1.0000
-0.5124
-0.3335
1.0000
-0.3991
-0.3513
1.0000
-0.2933
-0.3642
1.0000
-0.1635
-0.3778
1.0000
-0.0440
-0.3983
1.0000
0.0752
-0.4100
1.0000
0.1897
-0.4218
1.0000
0.3083
-0.4371
1.0000
0.4483
-0.4420
1.0000
-0.4781
-0.3861
1.0000
-0.3592
-0.4077
1.0000
-0.2728
-0.4207
1.0000
-0.1554
-0.4358
1.0000
-0.0492
-0.4549
1.0000
0.0630
-0.4765
1.0000
0.1822
-0.4867
1.0000
0.3074
-0.4944
1.0000
0.4165
-0.5008
1.0000
-79.4140
72.3150
153.4057
-60.2004
70.3496
156.1530
-40.7224
68.9783
158.7841
-21.5178
68.2377
162.2095
-2.2881
66.0054
165.1342
18.2355
64.2214
168.8005
38.1631
62.0940
172.5449
57.9482
59.8474
176.0414
77.4224
59.0065
181.1586
-79.3775
54.3291
144.4643
-59.3148
53.1096
147.2135
-40.1869
52.1757
149.6859
-20.0858
50.6059
152.3522
-1.3625
48.6933
154.7655
19.7240
47.9723
158.6578
38.9321
45.0126
161.1234
59.2402
43.9462
164.9889
77.4490
42.2666
168.2029
-79.9923
35.1382
139.0805
-61.4288
33.5768
140.8871
-41.1679
31.8721
143.0246
-22.1746
31.5989
145.2684
-1.9622
30.4215
147.7070
19.1176
28.5179
150.0513
37.9904
27.2877
152.7487
57.3580
26.1452
155.3627
78.1172
24.6081
158.2156
-81.7046
14.5049
137.9327
-61.6360
13.1426
138.9115
-42.0352
12.4394
140.4096
-22.3451
11.1154
141.9000
-2.5608
10.4208
143.5510
17.0076
9.1489
145.3511
37.6004
8.7957
147.3611
57.3651
6.8672
149.1556
76.9788
6.0878
151.5794
-82.6995
-5.0863
140.9921
-62.7182
-5.7696
141.4355
-43.7250
-7.4624
142.0666
-23.4512
-8.8614
142.8102
-4.3534
-10.1068
143.7059
16.5555
-10.8795
144.7097
36.0893
-11.7132
145.8172
56.4860
-12.5991
147.1353
76.8551
-13.7552
148.4382
-83.8556
-22.9340
147.7544
-64.2958
-25.1128
147.5928
-44.1431
-26.5560
147.3427
-25.7882
-28.0812
147.4659
-5.7384
-28.8075
147.3831
15.1785
-30.2057
148.0360
35.2122
-31.6716
148.2885
54.4423
-33.0445
148.9585
75.4539
-34.5935
149.6908
-85.2976
-41.0114
157.8559
-66.3860
-42.5729
156.9287
-45.3236
-45.1657
156.3399
-26.0627
-45.9616
155.3178
-6.3517
-47.2552
154.8196
13.4140
-48.8320
154.3542
33.0151
-51.0408
154.5882
53.2823
-52.6010
154.2569
74.1486
-53.2893
154.4128
-87.0293
-57.3450
169.8769
-66.9816
-59.0739
168.5930
-47.1757
-60.8409
167.2169
-26.9753
-63.1128
166.3207
-7.0753
-65.5167
165.3560
11.9878
-67.3465
164.6798
31.2662
-69.1708
163.9304
51.6395
-70.8277
163.3903
72.5309
-72.1987
162.4525
-88.5544
-71.3950
182.3339
-67.3380
-74.6498
182.3318
-47.9973
-76.3916
180.4866
-27.9193
-78.3707
178.9935
-8.2839
-81.0925
177.5163
10.7783
-83.2889
176.3174
31.2991
-85.3016
174.9342
51.3173
-86.8440
174.0188
71.1719
-88.6761
172.8496
