-0.4305
0.3038
1.0000
-0.3327
0.2933
1.0000
-0.2218
0.2940
1.0000
-0.1211
0.3055
1.0000
-0.0355
0.3000
1.0000
0.0828
0.2849
1.0000
0.1877
0.2868
1.0000
0.2824
0.2952
1.0000
0.3899
0.3006
1.0000
-0.4344
0.1955
1.0000
-0.3220
0.1982
1.0000
-0.2351
0.2060
1.0000
-0.1170
0.1915
1.0000
-0.0163
0.1876
1.0000
0.0876
0.1910
1.0000
0.1929
0.1990
1.0000
0.3091
0.1986
1.0000
0.3976
0.1972
1.0000
-0.4489
0.1142
1.0000
-0.3518
0.0937
1.0000
-0.2333
0.1084
1.0000
-0.1255
0.1096
1.0000
-0.0218
0.0975
1.0000
0.0976
0.1073
1.0000
0.1990
0.1064
1.0000
0.3054
0.1198
1.0000
0.4217
0.1074
1.0000
-0.4702
0.0132
1.0000
-0.3679
0.0147
1.0000
-0.2568
0.0139
1.0000
-0.1351
0.0143
1.0000
-0.0202
0.0188
1.0000
0.0954
0.0117
1.0000
0.2027
0.0217
1.0000
0.3307
0.0298
1.0000
0.4460
0.0140
1.0000
-0.5244
-0.0911
1.0000
-0.3883
-0.0699
1.0000
-0.2785
-0.0827
1.0000
-0.1438
-0.0737
1.0000
-0.0210
-0.0730
1.0000
0.1047
-0.0757
1.0000
0.2194
-0.0615
1.0000
0.3569
-0.0647
1.0000
0.4795
-0.0664
1.0000
-0.5685
-0.1721
1.0000
-0.4344
-0.1784
1.0000
-0.2900
-0.1730
1.0000
-0.1701
-0.1688
1.0000
-0.0226
-0.1575
1.0000
0.1085
-0.1697
1.0000
0.2565
-0.1690
1.0000
0.3861
-0.1695
1.0000
0.5368
-0.1629
1.0000
-0.6257
-0.3108
1.0000
-0.4896
-0.3046
1.0000
-0.3277
-0.3083
1.0000
-0.1816
-0.2837
1.0000
-0.0321
-0.2817
1.0000
0.1109
-0.2821
1.0000
0.2745
-0.2826
1.0000
0.4291
-0.2857
1.0000
0.5916
-0.2645
1.0000
-0.6992
-0.4652
1.0000
-0.5217
-0.4648
1.0000
-0.3713
-0.4602
1.0000
-0.2030
-0.4507
1.0000
-0.0295
-0.4480
1.0000
0.1363
-0.4599
1.0000
0.3029
-0.4447
1.0000
0.4872
-0.4422
1.0000
0.6649
-0.4254
1.0000
-0.7678
-0.6523
1.0000
-0.5850
-0.6706
1.0000
-0.4116
-0.6586
1.0000
-0.2358
-0.6546
1.0000
-0.0490
-0.6521
1.0000
0.1460
-0.6621
1.0000
0.3499
-0.6527
1.0000
0.5481
-0.6395
1.0000
0.7332
-0.6511
1.0000
-82.7656
58.0690
192.3529
-63.2436
57.3918
193.2703
-43.6219
57.2539
193.6430
-24.1386
58.0288
194.3697
-4.5255
57.1831
195.0979
16.3089
57.1598
195.6384
36.6631
56.8067
196.3133
56.9732
56.3108
196.8617
76.9337
57.7940
197.5848
-82.8659
38.3282
191.5925
-62.5381
38.3575
192.0347
-43.3092
38.5943
192.1195
-22.8866
38.2474
192.3593
-3.9972
37.5204
192.3585
17.3917
38.5139
193.0385
36.8738
36.9512
192.9131
57.5603
37.5513
193.0249
76.2225
37.3800
193.3018
-82.9069
19.6696
185.5405
-64.2358
19.1829
185.2863
-43.8020
18.7601
185.1175
-24.6531
19.6662
185.5453
-4.3138
19.6180
185.4441
16.9425
19.1552
185.0663
36.0996
19.1989
185.1936
55.6575
19.3728
185.1324
76.6369
19.4140
184.8845
-83.4944
2.2715
175.1160
-63.3557
2.0991
174.4689
-43.8146
2.6086
174.5217
-23.9806
2.5412
174.1058
-4.1779
3.0027
174.0808
15.4463
2.9410
173.7253
36.1696
3.8959
174.0648
56.0563
3.4490
173.2380
75.9166
3.8122
173.1255
-83.5395
-12.6776
161.8899
-63.5108
-12.0326
162.1353
-44.4713
-12.2307
161.2040
-24.1427
-12.0311
160.6208
-4.9688
-11.8473
160.2664
16.0134
-11.3249
160.1281
35.5544
-10.8218
159.6669
55.9987
-10.1384
159.3891
76.4994
-9.7002
158.7296
-83.3867
-26.0429
148.5228
-63.8479
-26.0637
147.3649
-43.5824
-25.5307
146.8651
-25.1755
-25.4424
146.1543
-5.1976
-24.5916
146.0511
15.6102
-24.3582
145.5652
35.8100
-23.6378
144.4165
55.0825
-23.1696
143.5830
76.0309
-22.6644
142.1727
-83.6950
-40.5205
133.8636
-64.9385
-39.7276
133.0896
-43.6168
-39.4623
131.5308
-24.5284
-38.3272
131.7420
-4.4871
-37.8919
131.5750
15.0993
-36.8607
130.3304
34.8264
-36.6420
128.8831
55.2092
-35.8482
127.7831
75.6660
-34.7171
127.1555
-84.4724
-56.3324
120.7440
-64.4069
-54.9811
119.6051
-44.5981
-53.5070
118.5548
-24.3440
-52.8982
117.2816
-4.3029
-52.3234
115.9952
14.8298
-51.6361
115.0777
34.3201
-51.0717
114.0051
54.9148
-49.9830
113.5843
75.6361
-49.3240
112.9858
-84.6658
-72.6599
111.2076
-63.8016
-72.1700
108.3354
-44.2446
-70.1725
106.4373
-24.3476
-68.4166
104.6569
-4.1642
-67.8359
103.5209
14.9438
-67.5104
103.0891
35.6238
-66.7329
102.6750
55.5653
-66.1693
102.3751
75.7532
-65.6309
101.9382
