-0.5524
0.4179
1.0000
-0.4131
0.4284
1.0000
-0.2796
0.4181
1.0000
-0.1535
0.4114
1.0000
-0.0204
0.3889
1.0000
0.1049
0.3848
1.0000
0.2317
0.3771
1.0000
0.3518
0.3708
1.0000
0.4495
0.3591
1.0000
-0.5839
0.3461
1.0000
-0.4358
0.3522
1.0000
-0.2806
0.3440
1.0000
-0.1455
0.3269
1.0000
-0.0076
0.3215
1.0000
0.1197
0.3189
1.0000
0.2638
0.3001
1.0000
0.3863
0.2988
1.0000
0.4966
0.2849
1.0000
-0.6192
0.2334
1.0000
-0.4759
0.2207
1.0000
-0.3073
0.2074
1.0000
-0.1574
0.2052
1.0000
-0.0182
0.2077
1.0000
0.1326
0.1850
1.0000
0.2737
0.1788
1.0000
0.3800
0.1768
1.0000
0.5201
0.1724
1.0000
-0.6241
0.0721
1.0000
-0.4778
0.0668
1.0000
-0.3140
0.0575
1.0000
-0.1588
0.0409
1.0000
-0.0116
0.0500
1.0000
0.1228
0.0552
1.0000
0.2784
0.0520
1.0000
0.4043
0.0402
1.0000
0.5346
0.0342
1.0000
-0.6057
-0.0682
1.0000
-0.4634
-0.0696
1.0000
-0.3155
-0.0767
1.0000
-0.1575
-0.0897
1.0000
-0.0349
-0.0789
1.0000
0.1201
-0.0815
1.0000
0.2584
-0.0980
1.0000
0.4019
-0.0880
1.0000
0.5207
-0.0893
1.0000
-0.5744
-0.1864
1.0000
-0.4362
-0.1936
1.0000
-0.3043
-0.1943
1.0000
-0.1705
-0.2057
1.0000
-0.0414
-0.2046
1.0000
0.1094
-0.2014
1.0000
0.2273
-0.2112
1.0000
0.3589
-0.2049
1.0000
0.4838
-0.2122
1.0000
-0.5402
-0.2677
1.0000
-0.4130
-0.2722
1.0000
-0.2812
-0.2703
1.0000
-0.1546
-0.2781
1.0000
-0.0383
-0.2703
1.0000
0.0932
-0.2937
1.0000
0.2018
-0.2940
1.0000
0.3205
-0.2932
1.0000
0.4408
-0.2926
1.0000
-0.5157
-0.3293
1.0000
-0.3872
-0.3249
1.0000
-0.2716
-0.3258
1.0000
-0.1563
-0.3258
1.0000
-0.0444
-0.3453
1.0000
0.0724
-0.3421
1.0000
0.1750
-0.3581
1.0000
0.2869
-0.3621
1.0000
0.3933
-0.3668
1.0000
-0.4820
-0.3758
1.0000
-0.3598
-0.3770
1.0000
-0.2517
-0.3743
1.0000
-0.1598
-0.3686
1.0000
-0.0444
-0.3725
1.0000
0.0549
-0.3825
1.0000
0.1702
-0.3776
1.0000
0.2627
-0.3970
1.0000
0.3544
-0.4049
1.0000
-81.3869
63.7993
149.1445
-62.3206
63.0936
150.5847
-42.4383
62.8632
153.0295
-23.2113
63.1246
155.9383
-3.7291
62.5766
157.6349
17.0525
62.3411
160.1971
37.2417
61.6659
162.6961
57.3470
60.7394
165.1223
77.0388
61.5820
168.9633
-80.2327
48.1091
136.5669
-60.0405
47.8297
138.9551
-41.0835
47.9275
141.1035
-20.7156
47.1936
143.7200
-1.9780
46.1495
145.6988
19.2365
46.5073
149.4579
38.6648
44.6097
151.2250
59.0539
44.7563
154.1886
77.5607
44.2272
156.6946
-79.6285
29.6586
128.7870
-61.1399
28.6959
131.1572
-40.8601
27.7446
133.8415
-21.9185
28.1732
136.3614
-1.6966
27.6802
138.9492
19.3623
26.6306
141.6263
38.2822
26.2464
144.2772
57.7148
25.8742
146.6735
78.4164
25.2731
149.1029
-80.6876
8.9338
127.7756
-60.6990
8.2368
130.0228
-41.1603
8.0525
132.3941
-21.5373
7.4217
134.8418
-1.8147
7.3032
137.2383
17.7403
6.6450
139.6814
38.2401
7.0101
142.0794
57.8745
5.7596
144.1862
77.6540
5.6918
146.9836
-81.5099
-10.0757
133.5273
-61.6689
-10.1618
135.2193
-42.7194
-11.2947
137.2982
-22.4498
-12.0770
139.3974
-3.5462
-12.7285
141.3572
17.4368
-13.0107
143.5616
36.9331
-13.1985
145.6172
57.2424
-13.5962
147.8145
77.5048
-14.1257
149.8923
-83.0719
-26.0786
143.6277
-63.5597
-27.6455
145.3866
-43.3405
-28.5417
147.0133
-25.1115
-29.5131
148.5509
-4.9345
-29.8303
149.9727
15.8697
-30.6552
152.1286
35.9526
-31.6459
153.6656
54.9398
-32.3614
155.6675
76.0188
-33.4425
157.9163
-84.8780
-41.3400
157.5670
-66.0913
-42.1776
158.8648
-44.8361
-43.9980
160.7036
-25.7081
-44.2922
161.4067
-6.1185
-45.2406
162.3885
13.7071
-46.3891
163.6008
33.2899
-48.0807
165.6890
53.6689
-49.3023
167.0290
74.4660
-49.4909
168.5080
-87.3118
-55.3495
172.4079
-67.2439
-55.5206
174.3219
-47.3079
-56.3381
175.3315
-27.1535
-57.9673
176.6391
-7.3594
-59.8024
177.5663
11.9332
-61.1690
179.0079
31.0465
-62.7523
179.6770
51.1955
-64.0679
180.5060
72.2954
-65.0294
181.5805
-89.6461
-68.7821
185.1692
-68.6905
-69.8358
188.6639
-49.1610
-70.0808
190.1668
-28.9546
-70.9537
191.3058
-9.2579
-72.5970
192.6111
9.9816
-74.0806
193.7175
30.8513
-75.5791
194.6989
50.4563
-76.9074
194.9862
70.4158
-78.5769
195.6503
