-0.5837
0.4936
1.0000
-0.4400
0.4740
1.0000
-0.3046
0.4703
1.0000
-0.1791
0.4786
1.0000
-0.0542
0.4597
1.0000
0.0814
0.4479
1.0000
0.1934
0.4208
1.0000
0.3040
0.4068
1.0000
0.3948
0.4095
1.0000
-0.5814
0.3430
1.0000
-0.4335
0.3325
1.0000
-0.2944
0.3463
1.0000
-0.1501
0.3332
1.0000
-0.0408
0.3404
1.0000
0.0984
0.3291
1.0000
0.2085
0.3104
1.0000
0.3215
0.3145
1.0000
0.4172
0.2935
1.0000
-0.5844
0.2076
1.0000
-0.4435
0.2084
1.0000
-0.2987
0.1992
1.0000
-0.1671
0.2029
1.0000
-0.0342
0.2013
1.0000
0.1047
0.1903
1.0000
0.2178
0.1978
1.0000
0.3218
0.1876
1.0000
0.4298
0.2051
1.0000
-0.5791
0.0574
1.0000
-0.4397
0.0650
1.0000
-0.2971
0.0686
1.0000
-0.1569
0.0644
1.0000
-0.0298
0.0700
1.0000
0.0911
0.0758
1.0000
0.2283
0.0832
1.0000
0.3379
0.0772
1.0000
0.4381
0.0755
1.0000
-0.5649
-0.0751
1.0000
-0.4248
-0.0606
1.0000
-0.2886
-0.0711
1.0000
-0.1496
-0.0669
1.0000
-0.0224
-0.0647
1.0000
0.1048
-0.0504
1.0000
0.2292
-0.0452
1.0000
0.3410
-0.0458
1.0000
0.4651
-0.0472
1.0000
-0.5512
-0.1949
1.0000
-0.4246
-0.2104
1.0000
-0.2838
-0.1917
1.0000
-0.1607
-0.1903
1.0000
-0.0215
-0.1940
1.0000
0.1163
-0.1875
1.0000
0.2336
-0.1771
1.0000
0.3457
-0.1651
1.0000
0.4796
-0.1630
1.0000
-0.5419
-0.3306
1.0000
-0.4211
-0.3328
1.0000
-0.2813
-0.3306
1.0000
-0.1543
-0.3231
1.0000
-0.0210
-0.3075
1.0000
0.1021
-0.3051
1.0000
0.2249
-0.3085
1.0000
0.3504
-0.2999
1.0000
0.4760
-0.2855
1.0000
-0.5376
-0.4491
1.0000
-0.4045
-0.4454
1.0000
-0.2666
-0.4409
1.0000
-0.1419
-0.4401
1.0000
-0.0170
-0.4389
1.0000
0.1053
-0.4404
1.0000
0.2425
-0.4303
1.0000
0.3527
-0.4168
1.0000
0.4874
-0.4180
1.0000
-0.5108
-0.5459
1.0000
-0.3784
-0.5505
1.0000
-0.2624
-0.5545
1.0000
-0.1375
-0.5610
1.0000
-0.0044
-0.5606
1.0000
0.1028
-0.5564
1.0000
0.2512
-0.5492
1.0000
0.3667
-0.5379
1.0000
0.4895
-0.5309
1.0000
-84.3892
69.3678
143.5049
-65.0878
69.3447
146.5481
-45.7372
69.8814
149.5956
-26.5607
71.2050
153.3901
-7.3699
71.0501
157.4179
12.9938
71.4637
162.2002
32.6031
71.6015
167.6087
52.1688
71.4301
173.1710
71.1599
73.1918
179.3932
-83.7310
49.3662
143.0080
-63.5885
50.0745
145.7097
-44.6041
50.8891
148.2876
-24.4192
51.3041
151.7507
-5.8192
51.0494
155.0639
15.0657
52.5950
159.6588
34.1016
51.4051
164.0480
54.0796
52.4582
169.3767
72.0427
52.6561
174.5831
-83.3078
29.5202
143.2894
-64.6179
29.5284
145.1154
-44.3123
29.6680
147.6618
-25.4247
31.0609
150.2878
-5.2682
31.5907
153.4658
15.6297
31.5899
157.2172
34.3379
32.0913
161.2966
53.3950
32.6484
165.7971
73.7520
32.8154
170.7989
-83.4585
8.9264
144.5634
-63.2820
9.2065
145.7319
-43.7423
10.0634
147.4387
-24.1197
10.3544
149.7653
-4.4616
11.3291
152.3428
15.0667
11.7177
155.4891
35.3541
13.0829
159.0261
54.8813
12.7371
162.8218
74.1812
13.5144
167.6489
-82.8133
-10.7827
146.3693
-62.8603
-9.7165
147.1090
-43.7741
-9.8628
148.3260
-23.5247
-9.4844
149.9073
-4.5408
-9.0838
151.9539
16.3574
-8.1890
154.5745
35.7099
-7.3524
157.4998
55.7884
-6.6611
160.9999
75.9167
-6.1999
164.8966
-82.3763
-29.5898
149.3680
-62.6853
-29.9777
149.4383
-42.5142
-29.4814
149.8405
-24.1532
-29.2531
150.9040
-4.0197
-28.1791
152.2948
16.7023
-27.7283
154.6713
36.6762
-27.4594
156.8248
55.8356
-27.1208
159.5559
76.6519
-26.8750
162.9801
-82.2459
-49.9854
152.7701
-63.2828
-49.5038
152.5416
-41.9575
-49.9744
152.3485
-22.8427
-48.6198
152.7676
-3.0069
-47.8933
153.5937
16.7487
-47.4763
154.8527
36.4566
-47.6929
156.7526
56.7014
-47.3331
158.9199
77.2014
-46.0697
161.7459
-82.6589
-69.9744
157.0214
-62.4651
-69.4423
156.4113
-42.5811
-68.8063
155.7080
-22.2431
-68.8610
155.5497
-2.1517
-68.9410
155.6627
17.0339
-68.6380
156.4855
36.4737
-68.3081
157.6685
56.6982
-67.5599
159.2734
77.6113
-66.6788
161.2795
-82.8603
-88.2481
161.6686
-61.7861
-89.4442
161.1768
-42.1531
-88.9256
160.1356
-22.0076
-88.4431
159.2756
-1.9252
-88.5432
158.6674
17.2459
-88.2592
158.7849
38.0076
-87.6097
159.2318
57.9059
-86.8608
160.5401
77.9712
-86.2461
161.8585
