-0.5348
0.4602
1.0000
-0.4172
0.4474
1.0000
-0.2927
0.4488
1.0000
-0.1533
0.4515
1.0000
-0.0357
0.4597
1.0000
0.1026
0.4525
1.0000
0.2280
0.4399
1.0000
0.3422
0.4431
1.0000
0.4816
0.4553
1.0000
-0.5291
0.3235
1.0000
-0.4065
0.3299
1.0000
-0.2807
0.3249
1.0000
-0.1471
0.3213
1.0000
-0.0366
0.3186
1.0000
0.1078
0.3188
1.0000
0.2236
0.3145
1.0000
0.3547
0.3055
1.0000
0.4641
0.3117
1.0000
-0.5345
0.2069
1.0000
-0.4089
0.1918
1.0000
-0.2762
0.1875
1.0000
-0.1542
0.1953
1.0000
-0.0416
0.1985
1.0000
0.0985
0.1947
1.0000
0.2246
0.1940
1.0000
0.3347
0.1983
1.0000
0.4623
0.1912
1.0000
-0.5114
0.0686
1.0000
-0.3969
0.0656
1.0000
-0.2725
0.0651
1.0000
-0.1444
0.0631
1.0000
-0.0258
0.0619
1.0000
0.0891
0.0748
1.0000
0.2226
0.0634
1.0000
0.3446
0.0662
1.0000
0.4502
0.0717
1.0000
-0.5259
-0.0537
1.0000
-0.3999
-0.0602
1.0000
-0.2930
-0.0521
1.0000
-0.1534
-0.0575
1.0000
-0.0356
-0.0543
1.0000
0.1019
-0.0598
1.0000
0.2259
-0.0492
1.0000
0.3419
-0.0565
1.0000
0.4785
-0.0483
1.0000
-0.5376
-0.1837
1.0000
-0.4173
-0.1776
1.0000
-0.2759
-0.1836
1.0000
-0.1573
-0.1905
1.0000
-0.0307
-0.1838
1.0000
0.1045
-0.1802
1.0000
0.2243
-0.1754
1.0000
0.3393
-0.1842
1.0000
0.4742
-0.1876
1.0000
-0.5467
-0.3206
1.0000
-0.4345
-0.3184
1.0000
-0.2892
-0.3137
1.0000
-0.1690
-0.3114
1.0000
-0.0269
-0.3173
1.0000
0.1060
-0.3026
1.0000
0.2265
-0.3077
1.0000
0.3666
-0.3061
1.0000
0.4888
-0.3097
1.0000
-0.5704
-0.4654
1.0000
-0.4304
-0.4612
1.0000
-0.2963
-0.4526
1.0000
-0.1582
-0.4618
1.0000
-0.0282
-0.4600
1.0000
0.1089
-0.4501
1.0000
0.2269
-0.4540
1.0000
0.3662
-0.4434
1.0000
0.4991
-0.4481
1.0000
-0.5835
-0.6016
1.0000
-0.4435
-0.6175
1.0000
-0.3099
-0.6097
1.0000
-0.1574
-0.6025
1.0000
-0.0214
-0.6043
1.0000
0.0985
-0.5967
1.0000
0.2472
-0.6033
1.0000
0.3731
-0.5889
1.0000
0.5039
-0.5816
1.0000
-83.2980
70.2000
153.2650
-63.8844
69.9448
155.0982
-44.2983
70.0646
156.0718
-24.8491
71.0821
157.0089
-5.2603
70.4926
157.8859
15.6867
70.5716
158.3919
35.9651
70.3282
158.8131
56.3023
70.0521
159.3425
76.2781
71.7051
159.5058
-83.3791
50.6443
157.0714
-63.0682
50.9039
158.2252
-43.9543
51.2722
158.7249
-23.4627
51.2524
159.7288
-4.6239
50.5867
160.5678
16.7883
51.8011
161.3192
36.2364
50.2698
162.1935
56.8926
51.0203
162.4242
75.5576
51.0407
163.0170
-83.4441
30.9774
158.9948
-64.7087
30.4864
159.6879
-44.2996
30.1488
160.5336
-25.1749
31.1350
161.1714
-4.7915
31.2029
161.8308
16.4199
30.7251
162.5825
35.5070
30.9100
163.5144
55.1130
31.1037
164.0677
76.1420
30.9963
164.5953
-83.9531
10.4891
159.0278
-63.7533
10.2676
159.5493
-44.1674
10.7376
160.2148
-24.3540
10.5325
160.9225
-4.5816
11.0036
161.4520
15.1855
10.9125
162.2329
35.7613
11.8230
162.8827
55.6529
11.0103
163.4388
75.4535
11.5558
164.3296
-83.5839
-9.1589
157.2922
-63.6224
-8.5345
158.1805
-44.5033
-9.1303
158.5828
-24.1985
-9.1977
159.0141
-5.0993
-9.2700
159.6016
15.8619
-8.8193
160.3257
35.5000
-8.5700
161.0360
55.8884
-8.2664
161.7066
76.3361
-8.1722
162.2660
-83.2791
-27.9995
154.9230
-63.6292
-28.6060
155.1664
-43.3763
-28.4618
155.5448
-25.0790
-28.6993
156.0594
-4.9487
-28.0112
156.6165
15.9219
-28.1536
157.5002
36.0630
-28.3556
157.8751
55.2797
-28.4527
158.5978
76.3241
-28.7388
159.2562
-83.2827
-48.3202
151.0062
-64.4277
-48.0572
151.3378
-43.0547
-48.6674
151.3665
-23.9104
-47.6843
152.1321
-4.0972
-47.3714
152.7701
15.6992
-47.3708
153.2842
35.4212
-48.1385
153.9014
55.7475
-48.3031
154.6233
76.4540
-47.6379
155.8016
-83.8835
-68.3905
147.1732
-63.7664
-67.9339
147.3696
-43.8577
-67.3260
147.4648
-23.5831
-67.6430
147.8183
-3.4368
-67.9598
148.1302
15.6919
-68.1027
148.8674
35.1920
-68.3232
149.8128
55.4115
-68.1184
150.9090
76.4125
-67.8883
152.2066
-84.2704
-87.0486
144.5836
-63.2171
-88.2017
143.7911
-43.5345
-87.5315
143.4538
-23.4153
-87.1043
143.6725
-3.3107
-87.4505
144.2592
15.8180
-87.6359
145.3576
36.5387
-87.4192
146.6241
56.4186
-87.2627
148.0451
76.5276
-87.3188
149.2894
