-0.6208
0.5135
1.0000
-0.4485
0.4821
1.0000
-0.3074
0.4768
1.0000
-0.1744
0.4710
1.0000
-0.0544
0.4447
1.0000
0.0706
0.4398
1.0000
0.1859
0.4191
1.0000
0.2714
0.3829
1.0000
0.3512
0.3714
1.0000
-0.6087
0.3654
1.0000
-0.4574
0.3634
1.0000
-0.3106
0.3494
1.0000
-0.1544
0.3464
1.0000
-0.0319
0.3226
1.0000
0.0911
0.3299
1.0000
0.1963
0.2961
1.0000
0.2815
0.2926
1.0000
0.3860
0.2715
1.0000
-0.6008
0.2215
1.0000
-0.4598
0.2129
1.0000
-0.3036
0.2068
1.0000
-0.1694
0.2065
1.0000
-0.0237
0.2132
1.0000
0.1046
0.1976
1.0000
0.2035
0.1943
1.0000
0.2975
0.1880
1.0000
0.4137
0.1732
1.0000
-0.5891
0.0585
1.0000
-0.4463
0.0688
1.0000
-0.2943
0.0617
1.0000
-0.1455
0.0680
1.0000
-0.0299
0.0738
1.0000
0.1001
0.0799
1.0000
0.2121
0.0760
1.0000
0.3348
0.0787
1.0000
0.4114
0.0729
1.0000
-0.5760
-0.0806
1.0000
-0.4287
-0.0735
1.0000
-0.2913
-0.0707
1.0000
-0.1474
-0.0635
1.0000
-0.0265
-0.0652
1.0000
0.1063
-0.0488
1.0000
0.2223
-0.0326
1.0000
0.3426
-0.0481
1.0000
0.4421
-0.0411
1.0000
-0.5666
-0.2026
1.0000
-0.4297
-0.2040
1.0000
-0.2793
-0.1942
1.0000
-0.1535
-0.1933
1.0000
-0.0228
-0.1896
1.0000
0.1065
-0.1847
1.0000
0.2301
-0.1800
1.0000
0.3471
-0.1635
1.0000
0.4566
-0.1549
1.0000
-0.5388
-0.3231
1.0000
-0.4160
-0.3167
1.0000
-0.2611
-0.3325
1.0000
-0.1476
-0.3155
1.0000
-0.0284
-0.3112
1.0000
0.1040
-0.3037
1.0000
0.2302
-0.3007
1.0000
0.3511
-0.2912
1.0000
0.4706
-0.2745
1.0000
-0.5137
-0.4266
1.0000
-0.3891
-0.4315
1.0000
-0.2698
-0.4398
1.0000
-0.1373
-0.4331
1.0000
-0.0161
-0.4405
1.0000
0.1089
-0.4320
1.0000
0.2366
-0.4440
1.0000
0.3455
-0.4101
1.0000
0.4816
-0.4080
1.0000
-0.4893
-0.4985
1.0000
-0.3781
-0.5313
1.0000
-0.2374
-0.5281
1.0000
-0.1336
-0.5341
1.0000
-0.0188
-0.5450
1.0000
0.1049
-0.5444
1.0000
0.2348
-0.5506
1.0000
0.3553
-0.5293
1.0000
0.4670
-0.5329
1.0000
-83.2519
69.1460
136.0929
-64.1954
69.1348
140.4704
-45.1466
69.7043
145.2262
-26.4576
71.0046
150.8078
-7.7817
70.7226
156.9351
11.9353
70.9011
164.0295
30.5669
70.5834
172.2186
49.1049
70.0572
180.6067
66.9233
71.2421
189.6066
-82.5285
49.1472
135.8034
-62.5497
49.8737
139.4812
-43.8157
50.7625
143.3891
-23.9456
51.1142
148.5560
-5.7273
50.8742
153.4844
14.6170
52.3339
160.3693
32.9521
50.9569
167.0444
51.9481
51.5631
175.1388
69.0134
51.3638
182.7751
-82.2391
29.2089
136.7159
-63.6124
29.2972
139.2070
-43.4348
29.4891
142.6043
-24.7556
30.9227
146.5081
-4.9353
31.4935
151.0730
15.6460
31.4498
156.7153
33.8214
31.9059
162.8567
52.2238
32.2233
169.4715
71.7240
32.0965
177.2277
-82.5660
8.8030
139.2717
-62.4643
8.9835
140.5136
-42.9455
9.8751
142.8883
-23.3507
10.2010
146.1116
-3.8841
11.2361
149.8226
15.3215
11.6066
154.2223
35.3301
12.9735
159.5856
54.3573
12.5700
165.2418
72.9761
13.2136
172.4530
-82.1678
-10.7298
142.8739
-62.1920
-9.8402
143.3661
-43.0774
-10.0095
144.7038
-22.8607
-9.6383
146.6990
-3.9511
-9.2064
149.5141
16.7718
-8.2134
153.1995
35.9100
-7.4144
157.4085
55.6715
-6.6490
162.5150
75.3049
-6.3367
168.4860
-81.9264
-29.1359
147.7517
-62.2678
-29.7984
147.4045
-41.9755
-29.5178
147.5843
-23.6514
-29.4638
148.7175
-3.5583
-28.3261
150.3741
17.1188
-27.7839
153.5672
36.9350
-27.4223
156.5366
55.8888
-27.1447
160.5093
76.4529
-26.9140
165.6310
-81.9017
-48.8840
153.7557
-63.0185
-48.9088
152.6981
-41.7865
-49.6826
152.0025
-22.5395
-48.5461
151.8980
-2.7219
-47.9502
152.7754
17.0879
-47.5671
154.4354
36.6126
-47.8319
156.8943
56.8181
-47.4111
159.9152
77.1401
-46.0728
164.0429
-82.4344
-68.1026
160.7559
-62.4005
-68.1401
159.1548
-42.4391
-68.0390
157.5147
-22.1312
-68.4650
156.7373
-2.0791
-68.8263
156.4409
17.0840
-68.5973
157.1500
36.6120
-68.3783
158.6465
56.7563
-67.5942
160.7592
77.5614
-66.6827
163.6115
-82.6978
-85.4827
168.1417
-61.7030
-87.2450
166.7046
-42.0848
-87.3974
164.6344
-22.0753
-87.4308
162.6900
-2.0503
-88.0273
161.4212
17.1714
-88.0770
161.0592
37.9235
-87.5407
161.4442
57.8644
-86.8528
162.9280
77.9086
-86.3138
164.7008
