-0.6571
0.5739
1.0000
-0.4750
0.5295
1.0000
-0.3141
0.4888
1.0000
-0.1758
0.4768
1.0000
-0.0459
0.4396
1.0000
0.0688
0.4204
1.0000
0.1765
0.3954
1.0000
0.2603
0.3675
1.0000
0.3396
0.3544
1.0000
-0.6643
0.4022
1.0000
-0.4675
0.3829
1.0000
-0.3110
0.3646
1.0000
-0.1514
0.3506
1.0000
-0.0215
0.3301
1.0000
0.1066
0.3270
1.0000
0.2125
0.2869
1.0000
0.3103
0.2819
1.0000
0.3874
0.2741
1.0000
-0.6521
0.2414
1.0000
-0.4704
0.2262
1.0000
-0.3078
0.2092
1.0000
-0.1596
0.2143
1.0000
-0.0163
0.2070
1.0000
0.1169
0.1929
1.0000
0.2399
0.1974
1.0000
0.3261
0.1770
1.0000
0.4253
0.1739
1.0000
-0.6203
0.0549
1.0000
-0.4642
0.0584
1.0000
-0.3010
0.0696
1.0000
-0.1500
0.0561
1.0000
-0.0204
0.0640
1.0000
0.1066
0.0650
1.0000
0.2440
0.0719
1.0000
0.3560
0.0620
1.0000
0.4545
0.0659
1.0000
-0.6074
-0.0813
1.0000
-0.4529
-0.0729
1.0000
-0.2951
-0.0719
1.0000
-0.1552
-0.0823
1.0000
-0.0116
-0.0789
1.0000
0.1233
-0.0638
1.0000
0.2549
-0.0702
1.0000
0.3682
-0.0589
1.0000
0.4692
-0.0519
1.0000
-0.5732
-0.1785
1.0000
-0.4252
-0.1970
1.0000
-0.2811
-0.1945
1.0000
-0.1644
-0.1993
1.0000
-0.0233
-0.2009
1.0000
0.1118
-0.1957
1.0000
0.2328
-0.1904
1.0000
0.3427
-0.1881
1.0000
0.4546
-0.1817
1.0000
-0.5317
-0.2668
1.0000
-0.4120
-0.2789
1.0000
-0.2748
-0.2981
1.0000
-0.1572
-0.2920
1.0000
-0.0284
-0.3014
1.0000
0.0904
-0.2986
1.0000
0.2215
-0.3103
1.0000
0.3363
-0.2941
1.0000
0.4452
-0.2946
1.0000
-0.4877
-0.3312
1.0000
-0.3876
-0.3414
1.0000
-0.2720
-0.3562
1.0000
-0.1561
-0.3790
1.0000
-0.0356
-0.3775
1.0000
0.0868
-0.3905
1.0000
0.2025
-0.3920
1.0000
0.3093
-0.3884
1.0000
0.4161
-0.3896
1.0000
-0.4810
-0.3718
1.0000
-0.3555
-0.3893
1.0000
-0.2540
-0.4125
1.0000
-0.1420
-0.4308
1.0000
-0.0356
-0.4429
1.0000
0.0672
-0.4613
1.0000
0.1738
-0.4654
1.0000
0.2820
-0.4633
1.0000
0.3897
-0.4622
1.0000
-78.4134
67.5149
120.3344
-60.4042
67.2276
127.4848
-42.2497
67.4347
134.9689
-24.5771
68.0921
143.8169
-6.6618
67.4283
151.8362
12.1634
67.3232
161.1284
30.1049
66.5903
170.4647
47.9950
65.5186
180.1619
65.0744
66.0670
190.6224
-77.3312
47.5235
118.3515
-58.1184
48.0367
125.2868
-40.0911
48.8055
131.0033
-20.9778
48.9046
138.9521
-3.4762
48.3712
146.0509
16.0561
49.5385
154.9948
34.0342
48.0878
162.6359
52.3983
48.2740
172.0185
69.0465
47.9561
180.5369
-77.5330
27.5868
119.7038
-59.2500
27.4754
124.4097
-39.6822
27.3940
130.3676
-21.3884
28.7318
136.0591
-2.3981
29.3690
141.8763
17.8839
29.0063
149.5153
35.6954
29.2889
156.8486
53.7218
29.6614
164.3262
72.7942
29.5692
172.5151
-78.9864
7.6762
125.1232
-59.1629
7.3867
128.1193
-39.8351
7.8959
132.1630
-20.6085
8.0297
136.6014
-1.3739
8.8013
141.8100
17.5288
9.0521
147.5245
37.1958
10.3550
153.8629
55.8396
9.8335
159.9678
74.5361
10.6147
167.5456
-80.1461
-10.3124
133.3725
-60.2887
-10.4164
134.9556
-41.3968
-11.2917
137.7560
-21.3136
-11.4865
140.9031
-2.5605
-11.5223
144.5502
18.0602
-10.8926
149.2034
37.1104
-10.2348
154.0082
56.7178
-9.5793
159.5007
76.2799
-9.2179
165.2745
-81.7358
-26.0085
143.8752
-62.1516
-28.1144
144.7458
-41.9121
-29.1879
146.1565
-23.5641
-29.9936
148.0205
-3.5282
-29.8026
150.3725
17.0858
-29.9690
154.0022
36.8024
-30.0481
157.3622
55.6656
-30.1341
161.4252
76.2457
-30.1032
166.4906
-83.4289
-41.9585
157.2678
-64.5657
-43.7625
156.8686
-43.2741
-46.4143
157.5511
-24.1596
-46.9554
157.6776
-4.4780
-47.6703
158.8718
15.3105
-48.4059
160.8553
34.8002
-49.4191
163.6740
55.1745
-49.7837
166.7382
75.5352
-48.9388
170.2370
-85.6144
-56.4347
171.3279
-65.6596
-58.6915
170.4705
-45.9041
-60.9638
169.5225
-25.6955
-63.3562
169.7030
-5.7018
-65.5485
170.0147
13.5531
-66.8504
171.2385
32.7904
-67.9414
172.6146
53.1329
-68.4168
174.4681
73.7691
-68.4195
176.8358
-87.4678
-69.0928
185.3902
-66.4320
-72.6442
185.9471
-47.1167
-75.2493
184.4297
-27.0906
-77.7884
183.4486
-7.5893
-80.7659
182.6098
11.6840
-82.8109
182.6430
32.5620
-84.3417
183.1848
52.3867
-85.1084
184.1769
72.3363
-85.9318
185.5493
