-0.4886
0.3678
1.0000
-0.4006
0.3887
1.0000
-0.2920
0.4151
1.0000
-0.1765
0.4317
1.0000
-0.0536
0.4448
1.0000
0.0714
0.4453
1.0000
0.1965
0.4569
1.0000
0.3195
0.4577
1.0000
0.4382
0.4570
1.0000
-0.4928
0.2580
1.0000
-0.3983
0.2880
1.0000
-0.2793
0.2976
1.0000
-0.1553
0.3168
1.0000
-0.0409
0.3162
1.0000
0.0867
0.3344
1.0000
0.2167
0.3344
1.0000
0.3511
0.3453
1.0000
0.4616
0.3511
1.0000
-0.4892
0.1625
1.0000
-0.4077
0.1740
1.0000
-0.2828
0.1788
1.0000
-0.1630
0.2032
1.0000
-0.0467
0.2010
1.0000
0.0859
0.2073
1.0000
0.2213
0.2139
1.0000
0.3419
0.2179
1.0000
0.4580
0.2119
1.0000
-0.5028
0.0329
1.0000
-0.4025
0.0538
1.0000
-0.2876
0.0500
1.0000
-0.1659
0.0630
1.0000
-0.0252
0.0752
1.0000
0.0823
0.0776
1.0000
0.2231
0.0975
1.0000
0.3489
0.0893
1.0000
0.4628
0.1120
1.0000
-0.5133
-0.0864
1.0000
-0.4005
-0.0650
1.0000
-0.2865
-0.0699
1.0000
-0.1696
-0.0646
1.0000
-0.0281
-0.0529
1.0000
0.1038
-0.0565
1.0000
0.2277
-0.0460
1.0000
0.3657
-0.0312
1.0000
0.4785
-0.0249
1.0000
-0.5170
-0.2055
1.0000
-0.3991
-0.1948
1.0000
-0.2823
-0.1858
1.0000
-0.1526
-0.1916
1.0000
-0.0293
-0.1762
1.0000
0.1103
-0.1728
1.0000
0.2396
-0.1758
1.0000
0.3655
-0.1559
1.0000
0.4846
-0.1612
1.0000
-0.5171
-0.3398
1.0000
-0.4167
-0.3357
1.0000
-0.2686
-0.3383
1.0000
-0.1476
-0.3163
1.0000
-0.0088
-0.3185
1.0000
0.1097
-0.3065
1.0000
0.2499
-0.3069
1.0000
0.3643
-0.2991
1.0000
0.4957
-0.2930
1.0000
-0.5187
-0.4684
1.0000
-0.4129
-0.4695
1.0000
-0.2877
-0.4578
1.0000
-0.1459
-0.4755
1.0000
-0.0077
-0.4647
1.0000
0.1205
-0.4552
1.0000
0.2561
-0.4583
1.0000
0.3733
-0.4325
1.0000
0.5096
-0.4145
1.0000
-0.5277
-0.6002
1.0000
-0.3954
-0.6090
1.0000
-0.2772
-0.6238
1.0000
-0.1402
-0.6027
1.0000
0.0088
-0.6084
1.0000
0.1403
-0.5893
1.0000
0.2682
-0.5733
1.0000
0.3978
-0.5605
1.0000
0.5067
-0.5345
1.0000
-85.8731
65.8743
174.8117
-66.8770
66.8441
170.2630
-47.7495
68.2973
166.0395
-28.4703
70.4530
163.2133
-9.0035
71.0106
161.1661
11.9652
72.2323
160.1047
32.2641
73.0180
159.9451
52.6075
73.6766
160.4896
72.4492
76.1117
162.1738
-84.9277
46.1191
171.8394
-65.2051
47.8445
167.0240
-46.4406
49.4870
163.1765
-26.2053
50.6407
160.4224
-7.3279
51.0722
158.7851
13.9877
53.3147
158.1486
33.5613
52.7398
158.1344
54.1905
54.3929
158.9148
72.8281
55.1653
160.7473
-84.1219
26.3851
168.8207
-65.9411
27.4484
164.2256
-45.8441
28.4577
160.5042
-26.9271
30.5337
158.3339
-6.5966
31.7108
156.7680
14.6810
32.1978
156.1446
33.7997
33.2997
156.5956
53.3484
34.2569
157.6970
74.2165
34.9776
159.7988
-83.8181
6.0618
165.8798
-64.2196
7.3577
160.9241
-44.8999
9.1797
157.7782
-25.1804
10.0496
155.6482
-5.4450
11.5352
154.5002
14.2984
12.3647
154.3606
34.9134
14.1992
154.8939
54.8141
14.2255
156.1036
74.5026
15.4361
159.2274
-82.8832
-13.2834
162.3776
-63.3367
-11.2636
158.3799
-44.4573
-10.6601
155.3555
-24.2247
-9.6603
153.3214
-5.0620
-8.7262
152.5136
15.9264
-7.3011
152.5793
35.5068
-6.2525
153.4984
55.8574
-5.1863
155.3739
76.1002
-4.4122
158.6286
-81.7465
-32.1024
159.7316
-62.5515
-31.4284
155.6570
-42.5048
-30.0971
152.6725
-24.2164
-29.3183
151.2575
-4.1273
-27.6809
150.5787
16.7866
-26.8288
151.2106
36.8589
-26.2193
152.2295
56.0759
-25.6800
154.3870
76.8742
-25.2255
158.0811
-81.1290
-52.5796
156.4028
-62.5990
-51.1155
153.2652
-41.4065
-50.5467
150.0683
-22.3467
-48.5470
149.0456
-2.5010
-47.2844
148.8496
17.3199
-46.4720
149.4771
37.0298
-46.4712
151.0898
57.2458
-45.8310
153.4572
77.6324
-44.3406
157.4520
-80.9368
-72.8300
153.7993
-61.2058
-71.1588
150.4743
-41.4365
-69.4874
148.0391
-21.0554
-68.8391
146.9903
-0.9934
-68.2647
146.9636
18.1385
-67.6362
148.1396
37.5822
-67.0256
150.0718
57.6916
-65.9963
152.8663
78.2954
-64.9126
156.7010
-80.6293
-91.5009
151.3462
-59.8300
-91.5115
147.7042
-40.2898
-89.8814
145.6273
-20.1722
-88.5827
144.8401
-0.0634
-88.0397
145.4852
19.0373
-87.3527
147.0235
39.6737
-86.2948
149.2445
59.3263
-85.2394
152.4105
79.1676
-84.4605
156.0085
