-0.5121
0.4257
1.0000
-0.3957
0.4343
1.0000
-0.2795
0.4295
1.0000
-0.1642
0.4371
1.0000
-0.0390
0.4536
1.0000
0.1003
0.4483
1.0000
0.2271
0.4526
1.0000
0.3452
0.4523
1.0000
0.4858
0.4595
1.0000
-0.5144
0.3178
1.0000
-0.3991
0.3288
1.0000
-0.2834
0.3180
1.0000
-0.1577
0.3273
1.0000
-0.0376
0.3327
1.0000
0.1007
0.3312
1.0000
0.2358
0.3289
1.0000
0.3697
0.3512
1.0000
0.4909
0.3466
1.0000
-0.5259
0.1945
1.0000
-0.4128
0.1913
1.0000
-0.2803
0.1961
1.0000
-0.1669
0.2018
1.0000
-0.0272
0.2050
1.0000
0.1123
0.1999
1.0000
0.2468
0.2088
1.0000
0.3566
0.2126
1.0000
0.5075
0.2227
1.0000
-0.5371
0.0551
1.0000
-0.4043
0.0665
1.0000
-0.2879
0.0617
1.0000
-0.1564
0.0587
1.0000
-0.0372
0.0733
1.0000
0.0991
0.0831
1.0000
0.2405
0.0959
1.0000
0.3788
0.0768
1.0000
0.5028
0.0907
1.0000
-0.5250
-0.0561
1.0000
-0.4080
-0.0558
1.0000
-0.2882
-0.0610
1.0000
-0.1716
-0.0672
1.0000
-0.0313
-0.0678
1.0000
0.1137
-0.0616
1.0000
0.2374
-0.0532
1.0000
0.3769
-0.0485
1.0000
0.5182
-0.0362
1.0000
-0.5252
-0.1794
1.0000
-0.4039
-0.1888
1.0000
-0.2720
-0.1872
1.0000
-0.1614
-0.1834
1.0000
-0.0243
-0.1802
1.0000
0.1070
-0.1798
1.0000
0.2310
-0.1758
1.0000
0.3695
-0.1825
1.0000
0.5025
-0.1986
1.0000
-0.5212
-0.3202
1.0000
-0.4049
-0.3151
1.0000
-0.2746
-0.3105
1.0000
-0.1495
-0.2969
1.0000
-0.0234
-0.3078
1.0000
0.0980
-0.3055
1.0000
0.2323
-0.3151
1.0000
0.3665
-0.3040
1.0000
0.5109
-0.3117
1.0000
-0.5135
-0.4266
1.0000
-0.3870
-0.4271
1.0000
-0.2630
-0.4321
1.0000
-0.1398
-0.4260
1.0000
-0.0171
-0.4398
1.0000
0.0964
-0.4394
1.0000
0.2267
-0.4395
1.0000
0.3524
-0.4290
1.0000
0.4833
-0.4344
1.0000
-0.5197
-0.5462
1.0000
-0.3818
-0.5478
1.0000
-0.2590
-0.5510
1.0000
-0.1384
-0.5442
1.0000
-0.0162
-0.5478
1.0000
0.0979
-0.5541
1.0000
0.2305
-0.5414
1.0000
0.3535
-0.5427
1.0000
0.4802
-0.5428
1.0000
-83.7507
70.2969
164.0726
-64.3334
69.9018
163.1713
-44.7822
70.1434
161.8331
-25.2591
71.2002
160.9239
-5.7424
70.7896
159.8369
15.2602
71.0739
158.8678
35.5082
71.0445
157.9943
55.7832
70.9540
156.8739
75.7440
72.7631
156.3396
-83.7123
50.4219
161.5885
-63.3772
50.8328
160.2492
-44.3307
51.3186
158.7334
-23.8927
51.4021
157.4864
-5.0549
50.9898
156.2246
16.3073
52.3477
155.1852
35.8349
51.0152
153.8042
56.3908
51.9728
152.6047
75.1067
52.1636
151.6187
-83.6385
30.5814
159.9767
-64.9423
30.3101
158.3367
-44.5966
30.1763
156.7073
-25.5095
31.3089
155.2837
-5.1884
31.5485
153.7702
16.0042
31.3231
152.0896
35.1155
31.7080
151.0677
54.6191
32.0719
149.7161
75.6120
32.2684
148.2140
-83.9884
9.9891
159.1039
-63.9029
10.0285
157.0840
-44.3948
10.6519
155.3666
-24.6002
10.6642
153.8340
-4.8977
11.3175
152.1796
14.8185
11.3941
150.8824
35.3394
12.5566
149.3254
55.2566
11.9687
147.7877
75.0290
12.6349
146.7020
-83.5646
-9.7826
158.5000
-63.6355
-8.9134
156.8327
-44.6125
-9.3302
155.2330
-24.3538
-9.2300
153.5423
-5.2982
-9.0857
152.2022
15.6552
-8.4796
150.8638
35.2269
-8.0210
149.6109
55.6319
-7.5467
148.2837
76.0129
-7.2681
146.7609
-83.0645
-28.7777
158.9238
-63.4689
-29.2866
157.2384
-43.3601
-28.9740
155.7536
-24.9881
-28.9860
154.7592
-4.9760
-28.1718
153.4232
15.9724
-28.0117
152.6866
36.0503
-27.9959
151.2867
55.2376
-27.9638
150.2950
76.3293
-28.0446
149.1720
-82.9333
-49.4622
159.6375
-64.0809
-49.0401
158.6682
-42.7550
-49.5973
157.4885
-23.6083
-48.3308
156.7836
-3.8826
-47.8341
155.9694
15.9712
-47.5921
154.9858
35.6848
-48.1011
154.2234
56.0287
-48.0384
153.1863
76.6553
-47.0061
152.1983
-83.2563
-69.8522
161.2183
-63.1912
-69.2850
160.6846
-43.2536
-68.5095
159.8261
-22.9539
-68.5461
159.5170
-2.9137
-68.6642
158.9563
16.2682
-68.5378
158.4040
35.7241
-68.3804
157.5885
55.9607
-67.9202
156.8010
76.9495
-67.2784
155.7763
-83.4394
-88.6361
162.8981
-62.3932
-89.6465
162.6964
-42.7128
-88.9235
162.1191
-22.6217
-88.3232
161.8345
-2.5623
-88.2827
161.5537
16.5780
-88.1057
161.2733
37.3017
-87.4813
160.5534
57.2452
-86.9111
160.0791
77.3376
-86.5358
159.1554
