-0.6205
0.5911
1.0000
-0.4490
0.5372
1.0000
-0.2890
0.5039
1.0000
-0.1466
0.4719
1.0000
-0.0165
0.4276
1.0000
0.0921
0.3892
1.0000
0.1829
0.3490
1.0000
0.2691
0.3109
1.0000
0.3303
0.2937
1.0000
-0.6347
0.4163
1.0000
-0.4557
0.3922
1.0000
-0.2922
0.3850
1.0000
-0.1480
0.3491
1.0000
-0.0148
0.3286
1.0000
0.1197
0.3053
1.0000
0.2168
0.2698
1.0000
0.3125
0.2430
1.0000
0.3852
0.2267
1.0000
-0.6311
0.2448
1.0000
-0.4765
0.2329
1.0000
-0.3116
0.2204
1.0000
-0.1557
0.2030
1.0000
-0.0042
0.1992
1.0000
0.1384
0.1862
1.0000
0.2437
0.1579
1.0000
0.3440
0.1473
1.0000
0.4401
0.1271
1.0000
-0.6181
0.0929
1.0000
-0.4566
0.0781
1.0000
-0.3112
0.0631
1.0000
-0.1585
0.0655
1.0000
-0.0236
0.0553
1.0000
0.1291
0.0417
1.0000
0.2567
0.0498
1.0000
0.3746
0.0393
1.0000
0.4560
0.0344
1.0000
-0.5715
-0.0290
1.0000
-0.4370
-0.0488
1.0000
-0.3138
-0.0701
1.0000
-0.1606
-0.0807
1.0000
-0.0344
-0.0795
1.0000
0.1292
-0.0926
1.0000
0.2501
-0.0917
1.0000
0.3743
-0.0954
1.0000
0.4890
-0.1042
1.0000
-0.5381
-0.1268
1.0000
-0.4120
-0.1537
1.0000
-0.2885
-0.1764
1.0000
-0.1817
-0.1931
1.0000
-0.0401
-0.2088
1.0000
0.1110
-0.2143
1.0000
0.2354
-0.2133
1.0000
0.3570
-0.2317
1.0000
0.4847
-0.2335
1.0000
-0.4847
-0.1944
1.0000
-0.3832
-0.2149
1.0000
-0.2518
-0.2515
1.0000
-0.1504
-0.2704
1.0000
-0.0374
-0.3044
1.0000
0.0782
-0.3167
1.0000
0.2061
-0.3205
1.0000
0.3417
-0.3403
1.0000
0.4571
-0.3377
1.0000
-0.4495
-0.2368
1.0000
-0.3515
-0.2712
1.0000
-0.2566
-0.3044
1.0000
-0.1492
-0.3333
1.0000
-0.0391
-0.3652
1.0000
0.0780
-0.3982
1.0000
0.1934
-0.4089
1.0000
0.2998
-0.4404
1.0000
0.4339
-0.4337
1.0000
-0.4196
-0.2751
1.0000
-0.3224
-0.3149
1.0000
-0.2384
-0.3379
1.0000
-0.1357
-0.3707
1.0000
-0.0377
-0.4129
1.0000
0.0670
-0.4320
1.0000
0.1696
-0.4758
1.0000
0.2850
-0.4903
1.0000
0.4024
-0.5099
1.0000
-76.4974
70.6224
122.1274
-58.0285
69.2621
128.2421
-39.4173
68.4355
134.4236
-21.5611
67.8786
142.6701
-3.6606
65.7784
150.4209
14.5216
63.6113
160.6864
31.7949
60.7014
170.9229
48.8979
57.5671
181.4333
65.3463
55.9662
193.1740
-76.8497
50.5374
120.7441
-57.0625
49.9735
125.5584
-38.5411
49.7020
130.1294
-19.1431
48.6398
137.1314
-1.3371
47.1473
143.2621
18.1955
46.7111
152.3380
35.7003
43.6287
160.4690
53.4847
41.7022
171.0258
69.3127
39.3352
180.3686
-78.3232
30.8167
123.7250
-59.6844
29.4684
126.0937
-39.5394
28.3311
129.6392
-20.7868
28.6710
133.7114
-1.1153
27.9991
138.8760
19.1289
26.6146
145.2389
36.8882
25.6663
152.6093
54.7427
24.3598
160.7595
73.3471
22.3673
170.1118
-80.5199
11.7244
131.3927
-60.5315
9.8095
131.4345
-40.8767
8.9818
132.6105
-21.1748
7.8701
135.0562
-1.5407
7.6125
138.2246
17.7169
6.8334
142.3973
37.6804
6.9382
147.8711
56.5752
5.3805
153.5209
74.9654
4.6318
161.7278
-81.7064
-4.8424
142.1973
-61.9792
-7.0111
140.1726
-42.9480
-9.5594
140.0553
-22.7614
-11.3213
140.3750
-3.7104
-12.5431
141.4432
17.2915
-13.1316
143.8314
36.6810
-13.6050
146.9790
56.6676
-14.0696
151.1459
76.4158
-14.7497
156.4986
-82.6211
-18.8901
154.8003
-63.4740
-23.1616
152.6079
-43.5285
-26.3871
150.2998
-25.4520
-28.8873
149.1418
-5.3376
-30.3630
148.4151
15.6387
-31.9866
149.2817
35.6263
-33.3594
150.2068
54.7690
-34.6155
152.4489
75.6586
-35.6762
155.8360
-83.1474
-32.7723
170.4077
-64.9551
-36.8382
167.0544
-44.3937
-41.8993
164.0630
-25.6203
-44.5930
161.0082
-6.2271
-47.2996
158.6518
13.5733
-49.7314
157.7263
33.1217
-52.3290
157.7577
53.4929
-54.1124
157.9171
74.2715
-54.5894
159.2111
-83.6418
-44.9521
186.9408
-64.6571
-49.5195
182.7240
-45.5579
-54.1030
178.7798
-26.1891
-58.9894
175.2974
-6.8790
-63.5234
172.2291
11.9514
-66.9026
170.0456
31.1193
-69.6992
168.5691
51.4272
-72.1200
167.2962
72.2325
-73.8809
166.4140
-83.8486
-55.4732
202.6790
-63.8010
-61.4806
199.8619
-45.2661
-66.0825
195.5315
-26.8028
-71.2094
190.7417
-7.5333
-76.6472
187.1060
11.0623
-81.0569
183.9959
31.2670
-84.7674
181.0522
50.9002
-87.6782
178.6709
70.5388
-90.4244
176.6835
