-0.3888
0.2362
1.0000
-0.2946
0.2452
1.0000
-0.2139
0.2593
1.0000
-0.1142
0.2605
1.0000
-0.0254
0.2685
1.0000
0.0903
0.2802
1.0000
0.1712
0.2757
1.0000
0.2806
0.2817
1.0000
0.3895
0.3008
1.0000
-0.4170
0.1837
1.0000
-0.3099
0.1876
1.0000
-0.2221
0.1998
1.0000
-0.1153
0.1981
1.0000
-0.0195
0.2081
1.0000
0.0934
0.2122
1.0000
0.2049
0.2197
1.0000
0.3123
0.2277
1.0000
0.4161
0.2397
1.0000
-0.4485
0.1256
1.0000
-0.3574
0.1235
1.0000
-0.2490
0.1214
1.0000
-0.1310
0.1469
1.0000
-0.0239
0.1342
1.0000
0.0978
0.1562
1.0000
0.2225
0.1579
1.0000
0.3339
0.1641
1.0000
0.4570
0.1816
1.0000
-0.4995
0.0379
1.0000
-0.3842
0.0389
1.0000
-0.2692
0.0514
1.0000
-0.1507
0.0599
1.0000
-0.0368
0.0610
1.0000
0.0983
0.0821
1.0000
0.2266
0.0842
1.0000
0.3472
0.0798
1.0000
0.4858
0.0957
1.0000
-0.5492
-0.0501
1.0000
-0.4220
-0.0354
1.0000
-0.2929
-0.0399
1.0000
-0.1632
-0.0256
1.0000
-0.0328
-0.0310
1.0000
0.0996
-0.0301
1.0000
0.2367
-0.0246
1.0000
0.3898
-0.0136
1.0000
0.5394
-0.0199
1.0000
-0.5785
-0.1671
1.0000
-0.4465
-0.1715
1.0000
-0.3207
-0.1651
1.0000
-0.1750
-0.1568
1.0000
-0.0405
-0.1624
1.0000
0.1073
-0.1506
1.0000
0.2655
-0.1458
1.0000
0.3996
-0.1471
1.0000
0.5599
-0.1493
1.0000
-0.6352
-0.3177
1.0000
-0.4893
-0.3174
1.0000
-0.3255
-0.3275
1.0000
-0.1792
-0.3036
1.0000
-0.0381
-0.2999
1.0000
0.1085
-0.2964
1.0000
0.2638
-0.3101
1.0000
0.4338
-0.3103
1.0000
0.6080
-0.2916
1.0000
-0.6436
-0.4877
1.0000
-0.4919
-0.4842
1.0000
-0.3490
-0.4706
1.0000
-0.1830
-0.4747
1.0000
-0.0340
-0.4812
1.0000
0.1218
-0.4805
1.0000
0.2613
-0.4759
1.0000
0.4286
-0.4676
1.0000
0.6114
-0.4649
1.0000
-0.6345
-0.6119
1.0000
-0.4891
-0.6353
1.0000
-0.3349
-0.6313
1.0000
-0.1824
-0.6312
1.0000
-0.0272
-0.6256
1.0000
0.1221
-0.6218
1.0000
0.2782
-0.6228
1.0000
0.4333
-0.6136
1.0000
0.5972
-0.6023
1.0000
-81.7853
51.2684
208.5874
-62.2716
51.5273
207.1805
-42.7028
52.3785
205.5208
-23.2601
53.7524
204.6802
-3.8064
54.1736
202.7147
17.0574
55.2195
201.1735
37.2274
55.8744
199.4458
57.4647
56.5851
197.6432
77.2795
58.6819
196.8378
-82.0799
35.5940
196.4518
-61.8100
36.6426
194.7790
-42.6314
38.0673
193.2023
-22.4526
38.8770
191.1994
-3.7116
39.4266
189.0800
17.7472
41.2773
188.0686
37.1393
41.1830
185.2804
57.6495
42.7922
183.9180
76.2312
43.5216
182.4970
-82.4327
21.0964
182.8491
-64.4685
22.1266
180.2230
-43.7820
22.7633
178.0892
-24.5326
24.5672
177.2556
-4.3802
25.6455
175.3396
16.7829
26.4407
173.1057
35.7783
27.3117
171.6295
55.2410
28.4764
170.0310
76.1538
29.4701
167.9640
-83.6173
6.7469
168.0470
-63.5142
7.7679
165.8701
-44.1411
9.1359
164.4116
-24.4140
9.8954
162.6081
-4.6651
11.1745
161.1290
14.9088
11.9689
159.3725
35.5130
13.5476
158.1895
55.3712
13.8763
156.2103
75.1118
14.9140
154.8211
-83.8843
-7.8341
154.6698
-63.9089
-6.5490
153.5129
-44.9366
-6.2075
151.5329
-24.6771
-5.4492
149.8216
-5.6058
-4.7546
148.3780
15.2719
-3.6737
147.0585
34.7709
-2.7954
145.7717
55.1238
-1.7346
144.3597
75.5549
-0.9826
142.7290
-83.7434
-23.6701
144.0635
-64.2480
-23.6030
142.3536
-44.0787
-22.8814
140.9411
-25.7288
-22.5735
139.7952
-5.7207
-21.3070
138.6692
15.0833
-20.8799
137.5417
35.1759
-20.3903
135.9671
54.4262
-19.9347
134.6681
75.4110
-19.5283
133.2285
-83.8796
-42.5863
135.4792
-65.0952
-41.9909
134.6299
-43.7577
-42.0789
133.1520
-24.6924
-40.6745
132.6513
-4.8425
-39.9367
131.7473
14.8789
-39.4554
130.5798
34.6416
-39.6393
129.4808
54.9505
-39.3186
128.3714
75.6529
-38.0244
127.7270
-84.3274
-62.7666
131.3975
-64.2536
-61.9793
130.6553
-44.3591
-60.9507
129.6353
-24.0629
-60.8878
128.8854
-4.0014
-60.7864
127.9015
15.1420
-60.4720
127.3913
34.6763
-60.2457
126.8873
54.9225
-59.5112
126.5881
75.9205
-58.7345
126.3005
-84.3685
-81.6910
132.2016
-63.3281
-82.5770
131.0644
-43.7401
-81.6368
129.6479
-23.6460
-80.8721
128.4885
-3.5938
-80.7219
128.1264
15.5637
-80.3513
128.4776
36.3120
-79.6546
128.5285
56.2296
-78.8142
128.8812
76.3504
-78.2184
128.9348
