-0.4122
0.3105
1.0000
-0.3151
0.3193
1.0000
-0.2144
0.3085
1.0000
-0.1211
0.3109
1.0000
-0.0158
0.3186
1.0000
0.0955
0.3205
1.0000
0.2015
0.3184
1.0000
0.3037
0.3188
1.0000
0.4079
0.3280
1.0000
-0.4309
0.2195
1.0000
-0.3196
0.2190
1.0000
-0.2196
0.2203
1.0000
-0.1158
0.2295
1.0000
-0.0222
0.2231
1.0000
0.0991
0.2344
1.0000
0.1999
0.2399
1.0000
0.3156
0.2378
1.0000
0.4344
0.2364
1.0000
-0.4524
0.1369
1.0000
-0.3567
0.1417
1.0000
-0.2428
0.1394
1.0000
-0.1391
0.1565
1.0000
-0.0172
0.1549
1.0000
0.1073
0.1484
1.0000
0.2172
0.1478
1.0000
0.3331
0.1587
1.0000
0.4554
0.1514
1.0000
-0.5009
0.0533
1.0000
-0.3680
0.0617
1.0000
-0.2734
0.0537
1.0000
-0.1411
0.0500
1.0000
-0.0307
0.0671
1.0000
0.0978
0.0533
1.0000
0.2307
0.0695
1.0000
0.3521
0.0587
1.0000
0.4769
0.0634
1.0000
-0.5407
-0.0342
1.0000
-0.4033
-0.0509
1.0000
-0.2953
-0.0458
1.0000
-0.1590
-0.0578
1.0000
-0.0412
-0.0390
1.0000
0.1047
-0.0399
1.0000
0.2383
-0.0345
1.0000
0.3696
-0.0407
1.0000
0.5284
-0.0470
1.0000
-0.5795
-0.1575
1.0000
-0.4504
-0.1560
1.0000
-0.3088
-0.1646
1.0000
-0.1842
-0.1685
1.0000
-0.0405
-0.1656
1.0000
0.1025
-0.1637
1.0000
0.2475
-0.1619
1.0000
0.3934
-0.1656
1.0000
0.5525
-0.1803
1.0000
-0.6235
-0.3091
1.0000
-0.4800
-0.3056
1.0000
-0.3265
-0.3071
1.0000
-0.1821
-0.3147
1.0000
-0.0271
-0.3007
1.0000
0.1014
-0.3093
1.0000
0.2572
-0.3292
1.0000
0.4058
-0.3363
1.0000
0.5705
-0.3213
1.0000
-0.6525
-0.4714
1.0000
-0.5033
-0.4616
1.0000
-0.3522
-0.4639
1.0000
-0.1910
-0.4766
1.0000
-0.0350
-0.4812
1.0000
0.1036
-0.4854
1.0000
0.2568
-0.4891
1.0000
0.4113
-0.4765
1.0000
0.5789
-0.4823
1.0000
-0.6512
-0.6070
1.0000
-0.5008
-0.6162
1.0000
-0.3471
-0.6265
1.0000
-0.1985
-0.6355
1.0000
-0.0467
-0.6315
1.0000
0.1103
-0.6371
1.0000
0.2562
-0.6305
1.0000
0.4110
-0.6327
1.0000
0.5553
-0.6255
1.0000
-81.3296
60.8649
196.5966
-61.8629
60.2940
195.5021
-42.2532
60.4324
194.5407
-22.7988
61.3699
193.8592
-3.2331
60.8211
192.6968
17.7732
61.1095
191.8641
37.9930
60.9998
190.8024
58.2746
60.8353
189.6494
78.2885
62.4438
189.2986
-81.4432
42.0728
190.3109
-61.1960
42.3455
189.2695
-42.0184
42.8295
188.1368
-21.6407
42.7883
186.8503
-2.8335
42.4109
185.4319
18.5466
43.5548
184.8018
38.0573
42.4092
182.9407
58.6565
43.2460
181.8138
77.3095
43.4379
180.7603
-82.0066
25.1076
180.1751
-63.3055
24.9006
178.8026
-42.9581
24.6674
177.4061
-23.7255
25.6671
176.7732
-3.4798
25.8761
175.4987
17.7482
25.5368
173.9628
36.7932
25.7324
172.8839
56.3013
26.2154
171.6026
77.2606
26.3526
170.1857
-83.1609
8.8805
167.6800
-62.9241
8.8673
166.2740
-43.5017
9.4380
165.2346
-23.6955
9.3202
164.0103
-3.8711
9.7009
163.1392
15.7389
9.6453
162.0306
36.4377
10.5259
161.3718
56.3260
9.9826
159.7922
76.0243
10.2531
158.8404
-83.5692
-6.4778
155.1260
-63.5312
-6.0343
154.6098
-44.5145
-6.4934
153.2035
-24.2335
-6.6204
151.9456
-5.1521
-6.7061
151.0279
15.8362
-6.4325
150.2880
35.3722
-6.3708
149.5441
55.8025
-6.1058
148.6550
76.3055
-6.1836
147.6664
-83.7886
-22.2967
144.5171
-64.2645
-23.0141
143.3045
-44.0027
-23.0357
142.4098
-25.7342
-23.5582
141.7084
-5.5833
-23.0434
141.2574
15.2453
-23.4725
140.6770
35.4159
-23.7979
139.5876
54.6116
-24.1426
138.8234
75.6497
-24.6204
138.0638
-84.4853
-40.9925
135.4313
-65.6238
-41.1564
135.1347
-44.3040
-42.1285
134.2507
-25.1417
-41.5048
134.2503
-5.3031
-41.5597
133.9158
14.4719
-41.8473
133.3371
34.1574
-42.9045
132.6697
54.5533
-43.3839
132.1331
75.2691
-42.9195
132.0035
-85.6359
-61.0146
131.0208
-65.5286
-61.1384
130.9424
-45.6185
-60.9486
130.5913
-25.2466
-61.7449
130.4226
-5.2278
-62.4425
129.9746
13.9322
-62.9238
129.8947
33.4720
-63.4304
129.9493
53.7414
-63.5296
130.0249
74.6851
-63.6271
130.1390
-86.5183
-79.9769
131.9268
-65.5015
-81.7132
131.7422
-45.8005
-81.6342
131.1586
-25.6493
-81.7011
130.8022
-5.5437
-82.3809
130.9785
13.5963
-82.7447
131.4758
34.3372
-82.8399
131.8428
54.1932
-82.7948
132.3787
74.3389
-83.1045
132.6838
