-0.4631
0.3312
1.0000
-0.3522
0.3222
1.0000
-0.2418
0.3210
1.0000
-0.1329
0.3257
1.0000
-0.0354
0.3179
1.0000
0.0862
0.3240
1.0000
0.1910
0.3245
1.0000
0.3113
0.3288
1.0000
0.4106
0.3271
1.0000
-0.4395
0.2283
1.0000
-0.3276
0.2236
1.0000
-0.2274
0.2314
1.0000
-0.1297
0.2188
1.0000
-0.0270
0.2128
1.0000
0.0801
0.2292
1.0000
0.1999
0.2162
1.0000
0.3061
0.2256
1.0000
0.4129
0.2113
1.0000
-0.4482
0.1205
1.0000
-0.3514
0.1148
1.0000
-0.2376
0.1125
1.0000
-0.1373
0.1183
1.0000
-0.0249
0.1160
1.0000
0.0894
0.1150
1.0000
0.2019
0.1299
1.0000
0.3005
0.1197
1.0000
0.4277
0.1227
1.0000
-0.4634
0.0039
1.0000
-0.3594
0.0156
1.0000
-0.2457
0.0245
1.0000
-0.1343
0.0141
1.0000
-0.0232
0.0267
1.0000
0.0947
0.0141
1.0000
0.2045
0.0273
1.0000
0.3168
0.0277
1.0000
0.4403
0.0217
1.0000
-0.4956
-0.0835
1.0000
-0.3772
-0.0705
1.0000
-0.2674
-0.0778
1.0000
-0.1399
-0.0942
1.0000
-0.0248
-0.0816
1.0000
0.0955
-0.0818
1.0000
0.2172
-0.0756
1.0000
0.3480
-0.0677
1.0000
0.4783
-0.0621
1.0000
-0.5346
-0.1788
1.0000
-0.4235
-0.1849
1.0000
-0.2916
-0.1890
1.0000
-0.1651
-0.1779
1.0000
-0.0398
-0.1747
1.0000
0.1061
-0.1705
1.0000
0.2520
-0.1736
1.0000
0.3803
-0.1772
1.0000
0.5143
-0.1727
1.0000
-0.6121
-0.2994
1.0000
-0.4678
-0.3073
1.0000
-0.3240
-0.3149
1.0000
-0.1755
-0.2915
1.0000
-0.0372
-0.2906
1.0000
0.1061
-0.2897
1.0000
0.2657
-0.2939
1.0000
0.4263
-0.2919
1.0000
0.5692
-0.2842
1.0000
-0.6825
-0.4660
1.0000
-0.5223
-0.4626
1.0000
-0.3664
-0.4652
1.0000
-0.2070
-0.4564
1.0000
-0.0412
-0.4543
1.0000
0.1285
-0.4519
1.0000
0.2827
-0.4575
1.0000
0.4646
-0.4577
1.0000
0.6452
-0.4550
1.0000
-0.7621
-0.6493
1.0000
-0.5820
-0.6510
1.0000
-0.4168
-0.6525
1.0000
-0.2313
-0.6447
1.0000
-0.0362
-0.6477
1.0000
0.1274
-0.6470
1.0000
0.3351
-0.6452
1.0000
0.5221
-0.6560
1.0000
0.7207
-0.6517
1.0000
-82.8672
60.2968
184.1439
-63.4255
59.9894
184.8723
-43.8924
60.0914
185.0512
-24.3177
61.0523
185.5736
-4.7178
60.5500
186.2368
16.1120
60.7830
186.4775
36.4327
60.6515
186.9397
56.8447
60.4208
187.2388
76.7782
62.1672
187.3690
-82.8472
40.7091
186.6560
-62.5007
40.9155
186.7444
-43.3794
41.3030
186.5464
-22.9474
41.2231
186.7130
-4.0681
40.6793
186.6374
17.3959
41.8892
186.8285
36.8960
40.4408
186.6904
57.5287
41.2115
186.5342
76.1952
41.3212
186.5329
-82.8125
21.2605
184.0289
-64.0855
20.9199
183.6944
-43.7126
20.5752
183.3118
-24.5103
21.6013
183.4194
-4.2071
21.7366
183.0353
17.0429
21.3718
182.4969
36.1411
21.6002
182.4527
55.7452
21.9343
182.1781
76.7589
22.0152
181.6479
-83.3453
2.2993
176.4013
-63.1250
2.2780
175.8242
-43.6398
2.9454
175.5289
-23.7981
2.8695
175.0113
-4.0133
3.4818
174.6814
15.6609
3.5176
174.2300
36.2680
4.5546
174.1203
56.2273
4.1223
173.2782
76.0050
4.5115
173.0593
-83.2926
-13.9371
165.4302
-63.2165
-13.2341
165.3062
-44.1905
-13.4731
164.4538
-23.9712
-13.1016
163.4315
-4.7757
-12.9098
162.8422
16.1666
-12.3573
162.5063
35.7060
-11.9699
162.1197
56.2250
-11.3813
161.7502
76.6781
-11.0978
161.0452
-83.1487
-28.2780
153.0340
-63.6332
-28.3707
151.6977
-43.3995
-27.6758
150.8272
-25.1126
-27.4906
149.9030
-5.0668
-26.5764
149.7218
15.8466
-26.7473
149.2133
35.9655
-26.0785
148.1470
55.2217
-26.0005
147.4462
76.1938
-25.8170
146.1697
-83.6370
-42.7896
138.3550
-64.9775
-41.9413
137.3827
-43.4878
-41.5105
135.7600
-24.3424
-40.3881
135.8197
-4.4701
-40.1221
135.3721
15.2126
-39.5185
134.1480
34.9228
-39.6806
132.9833
55.4214
-39.2243
132.3003
75.9890
-38.3698
132.0915
-84.6631
-57.4759
124.0068
-64.5968
-56.2611
122.9482
-44.7468
-54.9526
121.9796
-24.4341
-54.5290
120.7887
-4.4142
-54.2269
119.3691
14.7399
-53.7907
118.7129
34.1279
-53.5308
117.5763
54.5079
-53.0719
117.4811
75.5749
-52.6784
117.2346
-85.2079
-72.2844
112.4324
-64.3380
-71.9488
109.6868
-44.6635
-70.1861
108.1087
-24.6923
-68.7530
106.6690
-4.4483
-68.4331
105.7590
14.5816
-68.5467
105.3504
35.2758
-68.2063
105.0877
55.1535
-68.0958
104.9134
75.3723
-67.8347
104.7312
