-0.4390
0.2947
1.0000
-0.3431
0.2997
1.0000
-0.2452
0.3080
1.0000
-0.1407
0.3280
1.0000
-0.0245
0.3331
1.0000
0.0832
0.3339
1.0000
0.1839
0.3461
1.0000
0.3126
0.3501
1.0000
0.4251
0.3673
1.0000
-0.4687
0.2298
1.0000
-0.3590
0.2463
1.0000
-0.2489
0.2510
1.0000
-0.1424
0.2567
1.0000
-0.0310
0.2677
1.0000
0.0911
0.2829
1.0000
0.2118
0.2805
1.0000
0.3373
0.2913
1.0000
0.4508
0.3054
1.0000
-0.5136
0.1654
1.0000
-0.3978
0.1720
1.0000
-0.2817
0.1800
1.0000
-0.1625
0.1922
1.0000
-0.0357
0.1924
1.0000
0.1016
0.1947
1.0000
0.2276
0.2107
1.0000
0.3446
0.2063
1.0000
0.4890
0.2273
1.0000
-0.5515
0.0768
1.0000
-0.4306
0.0686
1.0000
-0.2953
0.0741
1.0000
-0.1626
0.0788
1.0000
-0.0413
0.0843
1.0000
0.1045
0.0881
1.0000
0.2468
0.0923
1.0000
0.3773
0.0934
1.0000
0.5069
0.1008
1.0000
-0.5867
-0.0516
1.0000
-0.4428
-0.0400
1.0000
-0.3074
-0.0492
1.0000
-0.1668
-0.0476
1.0000
-0.0343
-0.0522
1.0000
0.1040
-0.0544
1.0000
0.2423
-0.0261
1.0000
0.3872
-0.0312
1.0000
0.5196
-0.0255
1.0000
-0.5940
-0.1888
1.0000
-0.4520
-0.1972
1.0000
-0.3105
-0.1895
1.0000
-0.1767
-0.1922
1.0000
-0.0471
-0.1767
1.0000
0.1162
-0.1717
1.0000
0.2509
-0.1778
1.0000
0.3774
-0.1767
1.0000
0.5322
-0.1745
1.0000
-0.5897
-0.3357
1.0000
-0.4454
-0.3348
1.0000
-0.2932
-0.3279
1.0000
-0.1697
-0.3171
1.0000
-0.0315
-0.3138
1.0000
0.1092
-0.3095
1.0000
0.2432
-0.3074
1.0000
0.3807
-0.3020
1.0000
0.5132
-0.2943
1.0000
-0.5632
-0.4648
1.0000
-0.4350
-0.4495
1.0000
-0.2957
-0.4466
1.0000
-0.1500
-0.4422
1.0000
-0.0229
-0.4362
1.0000
0.1096
-0.4283
1.0000
0.2311
-0.4108
1.0000
0.3654
-0.4121
1.0000
0.5026
-0.4032
1.0000
-0.5407
-0.5555
1.0000
-0.4095
-0.5557
1.0000
-0.2782
-0.5452
1.0000
-0.1450
-0.5303
1.0000
-0.0162
-0.5191
1.0000
0.0987
-0.5130
1.0000
0.2214
-0.5033
1.0000
0.3459
-0.4911
1.0000
0.4600
-0.4887
1.0000
-83.6822
56.5596
189.7851
-64.3114
56.8872
188.7027
-44.6698
58.0177
187.4219
-25.1988
59.7321
186.8937
-5.9447
60.5098
184.7664
15.0188
61.8202
183.6232
35.2041
62.8946
182.5106
55.4612
63.7433
180.9393
75.2830
66.1319
180.7550
-83.8345
42.0892
175.9303
-63.6091
43.2025
174.8940
-44.2523
44.7019
173.9045
-24.1452
45.5592
172.3601
-5.2028
46.1903
170.9050
16.2153
48.0370
170.6146
35.4394
47.7910
168.3881
56.1296
49.4416
167.5595
74.8372
50.3361
166.9252
-83.7489
27.2807
162.6198
-65.1095
27.7816
161.3728
-44.6481
28.2050
160.1539
-25.5168
29.8558
159.8954
-5.2155
30.7649
159.0340
15.9635
31.0993
157.8167
35.1300
31.9135
157.3185
54.5592
32.7577
156.5557
75.5326
33.4409
155.6785
-84.0514
10.1247
151.2301
-63.8679
10.5788
150.2850
-44.3665
11.6437
149.8377
-24.5594
11.9683
149.2707
-4.7381
12.9324
149.0183
14.9027
13.2569
148.6977
35.5384
14.6573
148.5736
55.4825
14.4066
147.9892
75.2481
15.2686
148.0840
-83.4578
-8.1360
143.3328
-63.4581
-7.1647
143.4937
-44.3834
-7.3331
143.2436
-24.0830
-7.0544
143.1284
-4.9612
-6.7494
143.1887
16.0082
-5.9497
143.3917
35.6110
-5.2986
143.5714
55.9901
-4.7234
143.7932
76.4997
-4.3135
143.8645
-82.8036
-26.9917
140.2884
-63.1913
-27.3770
140.4846
-42.9881
-26.9096
140.8223
-24.6356
-26.8870
141.3024
-4.5421
-25.9344
141.7233
16.3302
-25.6400
142.6173
36.4483
-25.4824
142.9567
55.7281
-25.3261
143.6571
76.7845
-25.2675
144.4291
-82.6639
-47.7638
141.0976
-63.7476
-47.2393
141.9110
-42.5161
-47.6250
142.7088
-23.3524
-46.2561
143.5121
-3.6283
-45.5757
144.1636
16.3014
-45.2879
145.1254
35.9097
-45.6390
146.4418
56.2425
-45.3421
147.3408
76.9608
-44.0740
148.6103
-83.2263
-67.6303
146.2179
-63.2116
-66.7729
147.1198
-43.1813
-66.0799
147.9292
-22.9512
-65.8980
149.2612
-2.9934
-65.8141
150.5397
16.2287
-65.4319
152.0715
35.6103
-64.9719
153.4018
56.0480
-64.3527
154.8085
76.6507
-63.3485
155.9286
-83.8800
-84.8911
153.9488
-62.8625
-85.7536
155.5002
-43.1850
-84.7463
156.4925
-23.0645
-83.7607
158.2745
-3.2385
-83.4150
159.6719
15.8854
-82.9248
161.1277
36.6710
-82.1775
162.5240
56.4697
-81.2071
163.8880
76.3318
-80.6219
165.0632
