-0.4667
0.3548
1.0000
-0.3923
0.3790
1.0000
-0.3122
0.4237
1.0000
-0.2105
0.4649
1.0000
-0.0829
0.4704
1.0000
0.0567
0.4945
1.0000
0.1955
0.4892
1.0000
0.3243
0.4955
1.0000
0.4143
0.4858
1.0000
-0.4626
0.2468
1.0000
-0.3891
0.2747
1.0000
-0.3178
0.3047
1.0000
-0.1795
0.3390
1.0000
-0.0649
0.3523
1.0000
0.0852
0.3681
1.0000
0.2156
0.3606
1.0000
0.3331
0.3567
1.0000
0.4311
0.3457
1.0000
-0.4575
0.1433
1.0000
-0.3840
0.1456
1.0000
-0.3068
0.1810
1.0000
-0.1948
0.2066
1.0000
-0.0547
0.2162
1.0000
0.0921
0.2268
1.0000
0.2150
0.2361
1.0000
0.3297
0.2238
1.0000
0.4225
0.2356
1.0000
-0.4633
0.0219
1.0000
-0.3886
0.0269
1.0000
-0.2867
0.0514
1.0000
-0.1797
0.0648
1.0000
-0.0400
0.0800
1.0000
0.0863
0.0847
1.0000
0.2346
0.0956
1.0000
0.3316
0.1026
1.0000
0.4216
0.1105
1.0000
-0.4648
-0.0905
1.0000
-0.3915
-0.0754
1.0000
-0.2953
-0.0785
1.0000
-0.1555
-0.0776
1.0000
-0.0381
-0.0613
1.0000
0.1055
-0.0485
1.0000
0.2351
-0.0268
1.0000
0.3405
-0.0214
1.0000
0.4224
-0.0122
1.0000
-0.4772
-0.2123
1.0000
-0.3792
-0.2075
1.0000
-0.2742
-0.2087
1.0000
-0.1664
-0.2036
1.0000
-0.0202
-0.1997
1.0000
0.1106
-0.1654
1.0000
0.2430
-0.1644
1.0000
0.3450
-0.1468
1.0000
0.4266
-0.1261
1.0000
-0.4730
-0.3402
1.0000
-0.3904
-0.3516
1.0000
-0.2544
-0.3564
1.0000
-0.1469
-0.3413
1.0000
-0.0010
-0.3341
1.0000
0.1307
-0.3071
1.0000
0.2356
-0.2955
1.0000
0.3546
-0.2678
1.0000
0.4336
-0.2357
1.0000
-0.4780
-0.4714
1.0000
-0.3821
-0.4804
1.0000
-0.2582
-0.4845
1.0000
-0.1236
-0.4845
1.0000
0.0048
-0.4753
1.0000
0.1425
-0.4654
1.0000
0.2490
-0.4352
1.0000
0.3486
-0.3895
1.0000
0.4299
-0.3545
1.0000
-0.4616
-0.5965
1.0000
-0.3688
-0.6204
1.0000
-0.2474
-0.6243
1.0000
-0.1172
-0.6199
1.0000
0.0128
-0.5958
1.0000
0.1343
-0.5745
1.0000
0.2616
-0.5449
1.0000
0.3556
-0.4932
1.0000
0.4363
-0.4599
1.0000
-83.0636
63.2410
178.8005
-66.5715
64.9726
168.4314
-49.4325
67.0110
158.9886
-31.1864
69.8748
152.1962
-11.9541
70.9930
148.2738
8.9921
72.8954
147.4607
29.1434
74.4547
149.8160
48.8541
75.8967
155.1142
67.2540
79.2310
162.2938
-81.8302
43.4315
176.4441
-64.7351
45.8316
165.5067
-47.7016
48.2005
156.8487
-28.3056
50.0167
150.4215
-9.5338
51.0665
147.4048
11.7984
54.0048
147.3968
31.1989
54.1412
150.3127
50.9887
56.6740
155.7866
68.1752
58.1838
163.3167
-80.6404
23.6141
174.1334
-64.9420
25.2861
163.9042
-46.5287
27.0045
155.1694
-28.2728
29.7327
149.7114
-8.0324
31.5347
146.9206
13.2484
32.8660
147.4931
32.0578
34.6761
150.8950
50.7736
36.4466
156.5716
69.5681
38.0983
164.7238
-80.0055
3.2578
171.8695
-62.9947
5.3041
161.0166
-45.0501
7.7207
153.2925
-25.7850
9.2158
148.4283
-6.1687
11.4285
146.4074
13.6016
12.9656
147.5224
33.8234
15.5224
151.3630
52.7044
16.4232
157.5061
70.1683
18.6873
167.2398
-79.1656
-16.1623
168.4951
-61.6987
-13.4763
159.0756
-43.9093
-12.2230
152.1314
-24.0821
-10.5375
147.4684
-5.0110
-8.9534
145.9881
15.9584
-6.7762
147.6892
35.0363
-4.9052
152.1228
54.0473
-2.9259
159.0294
71.9438
-1.0597
168.9425
-77.8667
-34.9483
166.1097
-60.4196
-33.7000
157.3031
-41.4649
-31.6715
150.4233
-23.3421
-30.2611
146.7823
-3.2728
-27.9398
145.6229
17.4375
-26.3259
148.2632
36.7800
-24.7960
152.8703
54.7717
-23.3398
160.5931
72.9618
-21.6720
171.3705
-76.9000
-55.5659
163.6918
-59.8417
-53.5056
155.9447
-39.5486
-52.2542
149.0012
-20.7504
-49.5170
145.9346
-0.8987
-47.5566
145.6135
18.7633
-45.9769
148.4463
37.5550
-45.0931
153.8404
56.2251
-43.5101
162.0507
74.0872
-40.7761
172.8669
-76.2984
-75.9071
162.0919
-57.8529
-73.5948
154.1279
-38.9147
-71.2165
148.1763
-18.7082
-69.8581
145.2128
1.3790
-68.5731
145.5389
20.2554
-67.1032
149.1253
38.7030
-65.6226
155.5419
57.0599
-63.5906
163.9953
75.2559
-61.2827
174.3655
-75.3053
-94.6159
160.5842
-55.9311
-93.9680
152.4835
-37.0625
-91.6834
146.9569
-17.0579
-89.6849
144.5131
3.0017
-88.3197
145.5994
21.7105
-86.8431
150.0134
41.2020
-84.7773
156.9807
58.8656
-82.6890
166.2564
76.4631
-80.7033
176.0638
