-0.4917
0.4134
1.0000
-0.3860
0.4081
1.0000
-0.2657
0.4172
1.0000
-0.1576
0.4172
1.0000
-0.0300
0.4270
1.0000
0.0945
0.4335
1.0000
0.2060
0.4308
1.0000
0.3309
0.4321
1.0000
0.4607
0.4434
1.0000
-0.5015
0.2852
1.0000
-0.3818
0.2979
1.0000
-0.2731
0.3028
1.0000
-0.1401
0.3074
1.0000
-0.0305
0.3055
1.0000
0.0881
0.3257
1.0000
0.2171
0.2939
1.0000
0.3463
0.3107
1.0000
0.4632
0.3196
1.0000
-0.5063
0.1777
1.0000
-0.4038
0.1881
1.0000
-0.2787
0.1891
1.0000
-0.1597
0.1910
1.0000
-0.0364
0.1879
1.0000
0.0919
0.1890
1.0000
0.2322
0.1994
1.0000
0.3517
0.2025
1.0000
0.4715
0.1989
1.0000
-0.5126
0.0535
1.0000
-0.3996
0.0662
1.0000
-0.2722
0.0626
1.0000
-0.1623
0.0631
1.0000
-0.0268
0.0613
1.0000
0.0931
0.0648
1.0000
0.2229
0.0879
1.0000
0.3463
0.0728
1.0000
0.4906
0.0825
1.0000
-0.5274
-0.0585
1.0000
-0.4082
-0.0502
1.0000
-0.2783
-0.0542
1.0000
-0.1532
-0.0595
1.0000
-0.0233
-0.0617
1.0000
0.1008
-0.0586
1.0000
0.2193
-0.0530
1.0000
0.3627
-0.0465
1.0000
0.5018
-0.0454
1.0000
-0.5290
-0.1782
1.0000
-0.4094
-0.1898
1.0000
-0.2888
-0.1957
1.0000
-0.1659
-0.1808
1.0000
-0.0366
-0.1872
1.0000
0.1004
-0.1818
1.0000
0.2335
-0.1741
1.0000
0.3574
-0.1822
1.0000
0.5055
-0.1751
1.0000
-0.5466
-0.3298
1.0000
-0.4229
-0.3110
1.0000
-0.2792
-0.3250
1.0000
-0.1574
-0.3062
1.0000
-0.0300
-0.3190
1.0000
0.1133
-0.3172
1.0000
0.2311
-0.3197
1.0000
0.3830
-0.3207
1.0000
0.5114
-0.3142
1.0000
-0.5528
-0.4680
1.0000
-0.4234
-0.4553
1.0000
-0.2970
-0.4603
1.0000
-0.1546
-0.4493
1.0000
-0.0215
-0.4562
1.0000
0.1041
-0.4682
1.0000
0.2527
-0.4583
1.0000
0.3789
-0.4556
1.0000
0.5145
-0.4538
1.0000
-0.5697
-0.6018
1.0000
-0.4236
-0.6099
1.0000
-0.2924
-0.6109
1.0000
-0.1596
-0.6027
1.0000
-0.0070
-0.5983
1.0000
0.1086
-0.6042
1.0000
0.2631
-0.5987
1.0000
0.3869
-0.6013
1.0000
0.5330
-0.5968
1.0000
-84.1882
69.4734
168.6513
-64.6734
69.2710
168.2039
-45.0443
69.6171
167.3691
-25.5455
70.8419
166.8678
-5.9879
70.5297
166.1703
14.9778
70.9750
165.5665
35.2293
71.1101
164.9504
55.5412
71.1918
164.2997
75.4995
73.1562
163.8208
-83.7660
49.5503
167.1912
-63.4875
50.0799
166.4850
-44.3110
50.6922
165.6239
-23.8966
50.9089
164.9051
-5.0448
50.5721
164.1367
16.3237
52.0182
163.6235
35.8075
50.8574
162.8308
56.4333
51.9012
161.9723
75.0728
52.2235
161.4940
-83.5967
29.7916
164.8730
-64.8649
29.7198
164.0958
-44.4609
29.6003
163.2287
-25.3561
30.8360
162.5377
-4.9955
31.2262
161.7903
16.2435
31.0495
160.8951
35.3351
31.5156
160.5170
54.9296
31.9727
159.7221
75.9297
32.2268
158.9152
-83.8781
9.4433
162.0656
-63.7176
9.5791
161.0731
-44.1792
10.3086
160.2370
-24.4017
10.3956
159.5634
-4.6504
11.1416
158.7907
15.1268
11.3233
158.2418
35.7170
12.5718
157.5390
55.6395
12.1027
156.7579
75.4573
12.7835
156.4854
-83.4248
-10.0103
158.7997
-63.4673
-9.1228
158.2647
-44.4010
-9.4244
157.3740
-24.1091
-9.2094
156.4732
-4.9710
-8.9951
155.8151
15.9678
-8.3211
155.2643
35.5804
-7.7827
154.6775
56.0173
-7.1924
154.1807
76.4505
-6.9182
153.6715
-83.0732
-28.8415
156.0066
-63.4250
-29.1843
155.0572
-43.1934
-28.8016
154.2127
-24.8746
-28.7425
153.7013
-4.7820
-27.8516
152.9102
16.1390
-27.7131
152.7054
36.1924
-27.6098
151.8987
55.5346
-27.5397
151.5071
76.5837
-27.5570
151.2800
-82.9983
-49.2228
152.5703
-64.1265
-48.7543
151.9679
-42.7693
-49.1811
150.9722
-23.6860
-47.9640
150.6972
-3.8673
-47.4069
150.2656
15.9358
-47.1546
149.7233
35.6985
-47.7223
149.3462
56.0512
-47.6408
149.0199
76.7778
-46.6285
149.0842
-83.5423
-69.4627
149.5722
-63.4025
-68.9026
149.1698
-43.5108
-68.1131
148.4440
-23.1691
-68.2540
147.9330
-3.1220
-68.3549
147.4255
16.0167
-68.2934
147.1689
35.5480
-68.2066
147.1099
55.7912
-67.6795
147.1401
76.8237
-67.1708
147.1147
-83.8802
-88.1873
147.6135
-62.7992
-89.2335
146.7991
-43.1375
-88.5133
146.0373
-23.0299
-88.0085
145.7179
-2.9231
-88.0990
145.4466
16.1980
-88.0129
145.5829
36.9529
-87.4690
145.5000
56.9149
-86.9687
145.7564
77.0693
-86.6926
145.8105
