-0.3941
0.2500
1.0000
-0.3026
0.2389
1.0000
-0.2087
0.2521
1.0000
-0.1086
0.2424
1.0000
-0.0189
0.2397
1.0000
0.0826
0.2422
1.0000
0.1860
0.2504
1.0000
0.2799
0.2290
1.0000
0.3796
0.2452
1.0000
-0.4065
0.1633
1.0000
-0.3055
0.1718
1.0000
-0.2110
0.1681
1.0000
-0.1073
0.1608
1.0000
-0.0155
0.1598
1.0000
0.1000
0.1679
1.0000
0.1986
0.1588
1.0000
0.3037
0.1585
1.0000
0.3904
0.1611
1.0000
-0.4396
0.1036
1.0000
-0.3374
0.0918
1.0000
-0.2243
0.0942
1.0000
-0.1332
0.0923
1.0000
-0.0121
0.0962
1.0000
0.0974
0.0916
1.0000
0.1996
0.1005
1.0000
0.3127
0.0924
1.0000
0.4279
0.0850
1.0000
-0.4917
0.0300
1.0000
-0.3665
0.0228
1.0000
-0.2551
0.0377
1.0000
-0.1392
0.0306
1.0000
-0.0234
0.0303
1.0000
0.0937
0.0253
1.0000
0.2220
0.0190
1.0000
0.3352
0.0394
1.0000
0.4601
0.0241
1.0000
-0.5351
-0.0419
1.0000
-0.4091
-0.0397
1.0000
-0.2859
-0.0454
1.0000
-0.1632
-0.0328
1.0000
-0.0347
-0.0455
1.0000
0.1040
-0.0457
1.0000
0.2305
-0.0487
1.0000
0.3708
-0.0457
1.0000
0.5048
-0.0433
1.0000
-0.6034
-0.1256
1.0000
-0.4677
-0.1286
1.0000
-0.3219
-0.1330
1.0000
-0.1788
-0.1281
1.0000
-0.0415
-0.1338
1.0000
0.1006
-0.1335
1.0000
0.2583
-0.1457
1.0000
0.3974
-0.1396
1.0000
0.5508
-0.1495
1.0000
-0.6738
-0.2545
1.0000
-0.5228
-0.2576
1.0000
-0.3570
-0.2731
1.0000
-0.1966
-0.2616
1.0000
-0.0433
-0.2617
1.0000
0.1218
-0.2731
1.0000
0.2774
-0.2731
1.0000
0.4392
-0.2743
1.0000
0.6124
-0.2758
1.0000
-0.7362
-0.4358
1.0000
-0.5667
-0.4368
1.0000
-0.3852
-0.4304
1.0000
-0.2226
-0.4358
1.0000
-0.0425
-0.4627
1.0000
0.1211
-0.4623
1.0000
0.2802
-0.4582
1.0000
0.4675
-0.4624
1.0000
0.6430
-0.4722
1.0000
-0.7533
-0.6010
1.0000
-0.5679
-0.6236
1.0000
-0.4117
-0.6326
1.0000
-0.2377
-0.6334
1.0000
-0.0529
-0.6353
1.0000
0.1061
-0.6392
1.0000
0.3109
-0.6458
1.0000
0.4712
-0.6465
1.0000
0.6308
-0.6400
1.0000
-81.5910
51.8109
205.8319
-62.1483
51.0770
205.7157
-42.5466
50.8999
205.3674
-22.9444
51.4872
205.5472
-3.3860
50.6245
205.2480
17.5496
50.5327
205.1049
37.7676
50.1154
205.0104
58.1306
49.5910
204.7308
78.1879
50.8906
205.1789
-81.8227
33.1245
199.9833
-61.6254
33.0594
199.5468
-42.3418
33.3273
199.0456
-22.0180
32.9558
198.5358
-3.1236
32.3275
197.7947
18.5093
33.1904
198.1931
37.8989
31.7334
197.0006
58.5404
32.3014
196.6135
77.2134
32.1785
196.4425
-82.2186
17.8434
187.7184
-63.4318
17.2217
186.8820
-43.1260
16.8417
186.2320
-23.8281
17.4328
186.4603
-3.5642
17.4466
185.8691
17.6709
17.0239
184.9916
36.7568
16.8972
184.6677
56.3801
17.0686
184.0977
77.3323
17.0973
183.4188
-83.1419
4.7939
171.9338
-62.9360
4.3631
171.3400
-43.4112
4.7335
171.2116
-23.4681
4.3508
170.5414
-3.8797
4.8899
170.0063
15.9005
4.5280
169.6364
36.5847
5.0714
169.6459
56.4453
4.7836
168.4672
76.2436
4.9097
168.1387
-83.4016
-5.9743
155.2890
-63.2780
-5.8843
155.4059
-44.2545
-6.2470
154.5356
-24.0737
-6.2722
153.6696
-4.8797
-6.5261
153.2856
16.1011
-6.6087
153.1640
35.6580
-6.7009
152.8694
56.1325
-6.6688
152.5769
76.4859
-6.4685
151.8806
-83.6167
-17.1745
139.9585
-64.1011
-17.7574
138.9034
-43.8440
-18.0181
138.5040
-25.5117
-18.4881
137.9391
-5.4578
-18.2578
138.0636
15.2090
-18.8227
137.6178
35.5253
-18.9809
136.9432
54.8822
-19.4886
136.4979
75.8723
-19.9217
135.8377
-84.3502
-31.8674
125.3362
-65.4846
-32.2094
125.2226
-44.1767
-33.2495
124.5402
-25.0485
-32.9482
124.9654
-5.1000
-33.3451
125.1269
14.6723
-33.5753
124.6712
34.2602
-34.7305
123.8748
54.7078
-35.1880
123.6298
75.4038
-35.0691
123.8561
-85.6237
-50.2903
116.2048
-65.4996
-50.4738
116.2387
-45.5667
-50.4822
116.0642
-25.2864
-51.4480
115.9034
-5.1856
-52.2675
115.6418
13.9576
-52.9503
115.6471
33.5276
-53.6763
115.6942
53.7600
-54.0118
115.9993
74.7672
-54.3453
116.4330
-86.6493
-69.1519
114.3772
-65.6358
-70.9998
113.6612
-45.9373
-70.9420
112.8772
-25.7952
-71.1222
112.1982
-5.6868
-72.0549
112.5617
13.4070
-72.7047
113.4171
34.0939
-73.1767
114.1452
54.0358
-73.4536
115.1199
74.2031
-74.0875
115.7811
