-0.5191
0.4372
1.0000
-0.4040
0.4539
1.0000
-0.2902
0.4394
1.0000
-0.1628
0.4579
1.0000
-0.0437
0.4445
1.0000
0.0966
0.4445
1.0000
0.2119
0.4482
1.0000
0.3438
0.4495
1.0000
0.4775
0.4616
1.0000
-0.5255
0.3211
1.0000
-0.4094
0.3111
1.0000
-0.2775
0.3390
1.0000
-0.1472
0.3326
1.0000
-0.0307
0.3271
1.0000
0.1021
0.3441
1.0000
0.2299
0.3273
1.0000
0.3588
0.3255
1.0000
0.4713
0.3345
1.0000
-0.5282
0.2008
1.0000
-0.4122
0.1946
1.0000
-0.2853
0.1974
1.0000
-0.1576
0.2018
1.0000
-0.0365
0.2024
1.0000
0.1025
0.1938
1.0000
0.2255
0.2072
1.0000
0.3349
0.1908
1.0000
0.4738
0.2056
1.0000
-0.5293
0.0632
1.0000
-0.4163
0.0657
1.0000
-0.2795
0.0634
1.0000
-0.1565
0.0603
1.0000
-0.0253
0.0786
1.0000
0.0823
0.0779
1.0000
0.2185
0.0756
1.0000
0.3632
0.0717
1.0000
0.4852
0.0791
1.0000
-0.5327
-0.0606
1.0000
-0.4157
-0.0581
1.0000
-0.2868
-0.0525
1.0000
-0.1601
-0.0624
1.0000
-0.0431
-0.0614
1.0000
0.1047
-0.0507
1.0000
0.2217
-0.0558
1.0000
0.3533
-0.0455
1.0000
0.4960
-0.0496
1.0000
-0.5361
-0.1897
1.0000
-0.4152
-0.1953
1.0000
-0.2904
-0.1841
1.0000
-0.1687
-0.1842
1.0000
-0.0281
-0.1775
1.0000
0.1054
-0.1764
1.0000
0.2268
-0.1725
1.0000
0.3520
-0.1801
1.0000
0.4913
-0.1782
1.0000
-0.5355
-0.3103
1.0000
-0.4077
-0.3130
1.0000
-0.2770
-0.3219
1.0000
-0.1508
-0.3161
1.0000
-0.0250
-0.3030
1.0000
0.1026
-0.3059
1.0000
0.2351
-0.3127
1.0000
0.3606
-0.3089
1.0000
0.5007
-0.3076
1.0000
-0.5439
-0.4514
1.0000
-0.4169
-0.4597
1.0000
-0.2875
-0.4401
1.0000
-0.1439
-0.4441
1.0000
-0.0229
-0.4508
1.0000
0.1036
-0.4489
1.0000
0.2247
-0.4479
1.0000
0.3635
-0.4423
1.0000
0.4976
-0.4320
1.0000
-0.5522
-0.5765
1.0000
-0.4029
-0.5863
1.0000
-0.2952
-0.5780
1.0000
-0.1560
-0.5862
1.0000
-0.0195
-0.5635
1.0000
0.1032
-0.5662
1.0000
0.2399
-0.5793
1.0000
0.3664
-0.5593
1.0000
0.4980
-0.5640
1.0000
-84.0222
70.6392
158.3423
-64.4840
70.3462
158.4321
-44.9463
70.5539
158.1861
-25.4056
71.6741
158.3477
-5.8182
71.2175
158.4690
15.1442
71.5376
158.5668
35.4360
71.5109
158.7111
55.7823
71.4383
158.6311
75.7279
73.2693
158.8171
-83.7402
50.6892
157.7533
-63.4512
51.0459
157.6459
-44.2917
51.5402
157.4378
-23.7967
51.5455
157.5771
-4.8973
51.1003
157.7220
16.4380
52.4340
157.8273
35.9726
51.1226
157.9311
56.6177
52.0142
157.7221
75.3234
52.1764
157.8808
-83.6049
30.8248
157.0562
-64.8393
30.5016
156.9653
-44.4002
30.2835
157.0231
-25.3361
31.4039
157.0439
-4.9204
31.5946
157.1116
16.3195
31.2996
157.1229
35.4039
31.6310
157.3249
55.0234
31.9618
157.3075
76.0931
32.0368
157.2520
-83.9557
10.2431
156.5163
-63.7641
10.2215
156.1589
-44.1588
10.8222
156.2372
-24.3159
10.7168
156.3781
-4.5652
11.3475
156.3932
15.1734
11.3610
156.5664
35.7950
12.4767
156.5193
55.7172
11.8245
156.4453
75.5503
12.4433
156.8060
-83.4791
-9.4857
155.8221
-63.5120
-8.6822
155.8237
-44.3768
-9.1299
155.9323
-24.0993
-9.1167
155.7697
-4.9886
-9.0547
155.9366
16.0071
-8.5119
155.9575
35.6297
-8.0606
156.0096
56.0310
-7.6338
156.0295
76.4941
-7.4178
156.1324
-83.1127
-28.4975
155.5684
-63.4916
-29.0776
155.3355
-43.2801
-28.7997
155.2470
-24.8961
-28.9007
155.4524
-4.7775
-28.1172
155.4410
16.0816
-28.0356
155.7946
36.2099
-28.0537
155.5251
55.5222
-28.1119
155.4984
76.5581
-28.1845
155.8349
-83.0986
-49.1845
154.8680
-64.2122
-48.8521
154.8539
-42.8938
-49.4438
154.6995
-23.7503
-48.2941
155.0305
-3.9376
-47.8765
155.1189
15.9014
-47.7280
155.0583
35.6071
-48.3631
155.0450
56.0130
-48.3141
154.9893
76.7271
-47.3980
155.3297
-83.6898
-69.6409
154.2134
-63.5677
-69.1763
154.4179
-43.6316
-68.4596
154.4202
-23.2889
-68.7095
154.5592
-3.2237
-68.9611
154.6325
15.8610
-68.9470
154.5916
35.4452
-68.9057
154.6170
55.7072
-68.5094
154.6563
76.6973
-67.9323
154.7118
-84.0419
-88.4431
154.0205
-62.9864
-89.6785
153.9215
-43.2990
-89.0495
153.8832
-23.1595
-88.6438
154.0673
-3.1243
-88.7665
154.1624
16.0382
-88.6842
154.3165
36.7834
-88.2201
154.1040
56.7052
-87.7896
154.3390
76.8712
-87.5639
154.3129
