-0.4147
0.3729
1.0000
-0.3748
0.4007
1.0000
-0.3033
0.4381
1.0000
-0.2044
0.4924
1.0000
-0.0724
0.5126
1.0000
0.0781
0.5221
1.0000
0.2111
0.5056
1.0000
0.3169
0.4962
1.0000
0.3800
0.4728
1.0000
-0.4153
0.2497
1.0000
-0.3701
0.2808
1.0000
-0.2987
0.3234
1.0000
-0.1799
0.3478
1.0000
-0.0566
0.3705
1.0000
0.0921
0.3820
1.0000
0.2120
0.3674
1.0000
0.3245
0.3564
1.0000
0.3919
0.3455
1.0000
-0.4062
0.1444
1.0000
-0.3740
0.1646
1.0000
-0.2921
0.1806
1.0000
-0.1933
0.1945
1.0000
-0.0487
0.2092
1.0000
0.1114
0.2237
1.0000
0.2189
0.2333
1.0000
0.3168
0.2284
1.0000
0.3935
0.2251
1.0000
-0.4146
0.0262
1.0000
-0.3765
0.0428
1.0000
-0.2851
0.0654
1.0000
-0.1725
0.0642
1.0000
-0.0501
0.0770
1.0000
0.1036
0.0720
1.0000
0.2283
0.1002
1.0000
0.3105
0.1004
1.0000
0.3839
0.0974
1.0000
-0.4311
-0.0920
1.0000
-0.3679
-0.0709
1.0000
-0.2888
-0.0774
1.0000
-0.1524
-0.0817
1.0000
-0.0282
-0.0704
1.0000
0.1118
-0.0538
1.0000
0.2355
-0.0358
1.0000
0.3171
-0.0232
1.0000
0.3775
-0.0066
1.0000
-0.4135
-0.1913
1.0000
-0.3647
-0.2020
1.0000
-0.2809
-0.2088
1.0000
-0.1711
-0.2183
1.0000
-0.0231
-0.1944
1.0000
0.1173
-0.1920
1.0000
0.2360
-0.1657
1.0000
0.3109
-0.1503
1.0000
0.3707
-0.1193
1.0000
-0.4319
-0.3131
1.0000
-0.3651
-0.3263
1.0000
-0.2601
-0.3581
1.0000
-0.1515
-0.3538
1.0000
-0.0084
-0.3407
1.0000
0.1221
-0.3292
1.0000
0.2403
-0.2979
1.0000
0.3058
-0.2698
1.0000
0.3595
-0.2295
1.0000
-0.4318
-0.4338
1.0000
-0.3450
-0.4607
1.0000
-0.2682
-0.4787
1.0000
-0.1415
-0.4888
1.0000
0.0012
-0.4855
1.0000
0.1349
-0.4637
1.0000
0.2322
-0.4227
1.0000
0.3156
-0.3802
1.0000
0.3732
-0.3372
1.0000
-0.4294
-0.5434
1.0000
-0.3484
-0.5911
1.0000
-0.2527
-0.6070
1.0000
-0.1207
-0.6349
1.0000
0.0145
-0.6280
1.0000
0.1412
-0.5789
1.0000
0.2436
-0.5413
1.0000
0.3284
-0.4843
1.0000
0.3661
-0.4298
1.0000
-75.4527
65.6436
179.9413
-61.6231
66.5046
166.1400
-46.8180
67.6833
153.2333
-29.7319
69.8603
143.7921
-10.6054
70.4920
138.9745
10.4184
72.0170
138.9520
30.1437
73.4839
144.4776
48.1146
75.0442
153.6137
63.8656
78.7617
165.8143
-74.5818
45.6472
178.7690
-60.4580
47.1627
164.0718
-45.6747
48.7098
151.9185
-27.1818
49.8767
142.9727
-8.4907
50.4450
139.1871
12.9196
53.1270
140.1868
31.7027
53.2109
146.0042
49.7348
55.8279
156.2304
64.2076
57.7886
168.0232
-73.7928
25.7631
177.5698
-61.1150
26.5802
163.8033
-44.8666
27.5576
151.4027
-27.3977
29.6087
143.5588
-7.2527
30.9723
139.7728
14.0149
32.0163
141.4913
32.1625
33.7704
147.4460
49.0709
35.7149
157.4727
65.1168
37.8060
171.0657
-73.6935
5.3277
176.5927
-59.9909
6.3975
161.5544
-43.8200
8.0565
150.5291
-25.2928
9.0490
143.2382
-5.6675
10.7975
140.2514
13.9997
12.0868
142.4818
33.4930
14.5779
149.1616
50.4767
15.6859
158.7575
64.8955
18.3750
173.4823
-73.7995
-14.2009
174.2737
-59.1567
-12.4462
160.6233
-43.0325
-11.8414
150.2580
-23.9434
-10.7798
143.1894
-4.8300
-9.5893
140.9310
16.0413
-7.6579
143.8740
34.2411
-5.7614
151.1957
51.3743
-3.5514
162.2371
65.8385
-1.1797
176.6561
-73.1336
-33.2406
173.0389
-58.3947
-32.7648
159.8234
-41.0775
-31.4278
149.3309
-23.5407
-30.5574
143.4887
-3.4422
-28.5677
141.4883
17.1428
-27.1150
145.4683
35.5401
-25.6419
152.5767
51.5529
-23.9143
164.4187
66.4686
-21.8020
179.2051
-72.8871
-53.8678
171.3500
-58.1607
-52.6055
159.6004
-39.6378
-52.0512
148.8012
-21.1911
-49.8594
143.4517
-1.3638
-48.2222
142.4987
18.1011
-46.8527
146.2924
35.8729
-45.7987
154.3253
52.5477
-43.9276
166.8861
67.1764
-40.7994
181.4803
-72.8350
-74.4338
170.5434
-56.7498
-72.8180
158.5684
-39.2420
-71.1428
148.9899
-19.5730
-70.2446
143.6417
0.6775
-69.2527
143.3777
19.3686
-67.8735
148.0719
36.7237
-66.2733
156.8573
52.7921
-63.9601
169.4175
67.9142
-61.2867
183.7754
-72.2114
-93.1689
170.2715
-55.4546
-93.2828
157.6092
-37.8666
-91.6198
148.5841
-18.2143
-90.0519
143.8151
1.9483
-89.0254
144.3070
20.2562
-87.5511
149.3550
38.5759
-85.3349
159.9470
53.9838
-82.9622
172.3903
68.5461
-80.6813
186.0601
