-0.4266
0.3206
1.0000
-0.3282
0.3372
1.0000
-0.2292
0.3604
1.0000
-0.1376
0.3762
1.0000
-0.0195
0.3836
1.0000
0.1003
0.3945
1.0000
0.2258
0.4027
1.0000
0.3467
0.4197
1.0000
0.4781
0.4367
1.0000
-0.4523
0.2648
1.0000
-0.3619
0.2742
1.0000
-0.2471
0.2824
1.0000
-0.1334
0.2993
1.0000
-0.0276
0.2950
1.0000
0.1047
0.3213
1.0000
0.2346
0.3220
1.0000
0.3696
0.3364
1.0000
0.5058
0.3436
1.0000
-0.4948
0.1827
1.0000
-0.3865
0.1806
1.0000
-0.2777
0.1837
1.0000
-0.1637
0.1918
1.0000
-0.0303
0.2043
1.0000
0.1075
0.2120
1.0000
0.2357
0.2102
1.0000
0.3723
0.2195
1.0000
0.5172
0.2212
1.0000
-0.5290
0.0573
1.0000
-0.3957
0.0733
1.0000
-0.2895
0.0749
1.0000
-0.1564
0.0843
1.0000
-0.0353
0.0742
1.0000
0.1038
0.0745
1.0000
0.2436
0.0972
1.0000
0.3912
0.0911
1.0000
0.5154
0.0879
1.0000
-0.5598
-0.0562
1.0000
-0.4303
-0.0539
1.0000
-0.3072
-0.0565
1.0000
-0.1675
-0.0620
1.0000
-0.0397
-0.0651
1.0000
0.1049
-0.0551
1.0000
0.2459
-0.0542
1.0000
0.3731
-0.0489
1.0000
0.5213
-0.0553
1.0000
-0.5586
-0.1952
1.0000
-0.4370
-0.1870
1.0000
-0.2952
-0.1995
1.0000
-0.1775
-0.1959
1.0000
-0.0258
-0.1942
1.0000
0.1139
-0.1849
1.0000
0.2431
-0.1882
1.0000
0.3745
-0.1850
1.0000
0.4957
-0.1868
1.0000
-0.5781
-0.3339
1.0000
-0.4519
-0.3275
1.0000
-0.2993
-0.3134
1.0000
-0.1623
-0.3341
1.0000
-0.0312
-0.3170
1.0000
0.1028
-0.3117
1.0000
0.2235
-0.3071
1.0000
0.3613
-0.3077
1.0000
0.4720
-0.2853
1.0000
-0.5656
-0.4574
1.0000
-0.4265
-0.4518
1.0000
-0.2995
-0.4433
1.0000
-0.1633
-0.4507
1.0000
-0.0296
-0.4377
1.0000
0.0968
-0.4239
1.0000
0.2087
-0.4137
1.0000
0.3268
-0.3985
1.0000
0.4327
-0.3695
1.0000
-0.5667
-0.5773
1.0000
-0.4052
-0.5651
1.0000
-0.2890
-0.5672
1.0000
-0.1561
-0.5566
1.0000
-0.0411
-0.5161
1.0000
0.0866
-0.5123
1.0000
0.1953
-0.4759
1.0000
0.2991
-0.4545
1.0000
0.3942
-0.4404
1.0000
-80.0143
60.8614
188.7046
-61.0340
62.0177
184.4217
-41.8532
63.6061
180.1841
-22.7334
65.6707
176.8329
-3.6654
66.5451
172.5529
16.9676
67.7876
169.0356
37.0110
68.3239
165.9519
57.0950
68.8201
162.8141
76.9699
70.9867
160.8409
-81.3612
45.2337
176.3661
-61.4579
46.6407
172.5518
-42.5546
48.1558
169.0153
-22.4984
49.0240
165.3734
-3.8235
49.2589
162.1240
17.3931
50.9404
159.6981
36.6962
50.0816
156.6515
57.1477
51.3126
154.1315
75.7599
51.6775
152.0803
-82.3316
28.6922
165.3786
-63.8540
29.0742
162.1599
-43.7124
29.3876
159.0092
-24.6852
30.7993
156.8667
-4.4875
31.3584
154.3666
16.5804
31.2217
151.9518
35.6727
31.6329
150.3489
55.1444
32.0466
148.5846
76.1500
32.1263
146.8340
-83.5350
10.1140
156.2912
-63.4231
10.3745
153.6318
-44.0235
11.1917
151.6373
-24.2680
11.2065
149.9711
-4.5184
11.8050
148.4687
15.1759
11.7952
147.2832
35.7688
12.7784
146.2278
55.6343
12.0360
145.2249
75.4804
12.5356
145.1056
-83.5355
-8.6628
149.7491
-63.6216
-7.8812
148.6176
-44.5796
-8.3735
147.3164
-24.2849
-8.3981
146.1812
-5.1092
-8.4375
145.7028
15.8416
-8.0368
145.2886
35.4785
-7.7705
145.2513
55.9232
-7.5528
145.7431
76.3944
-7.4165
146.6810
-83.3911
-27.4242
146.5061
-63.7333
-28.1061
145.8573
-43.5174
-27.9820
145.4467
-25.1493
-28.2585
145.4757
-5.0479
-27.6895
145.6146
15.9181
-27.6730
146.5740
35.9335
-27.7867
147.4570
55.2380
-27.7504
149.3763
76.1619
-27.5845
152.3538
-83.4780
-48.1988
145.3515
-64.5634
-47.9440
145.7881
-43.2430
-48.7172
146.3434
-24.1464
-47.6912
147.1729
-4.3648
-47.2798
148.3584
15.4070
-47.2007
149.9532
34.9321
-47.5077
152.8972
55.0156
-46.9694
155.9325
75.4946
-45.1936
159.9619
-84.1357
-68.5934
146.9602
-64.0954
-68.1618
148.2875
-44.1802
-67.5917
149.5679
-23.9135
-67.7266
151.3583
-4.0365
-67.7179
153.8092
14.9701
-67.1689
157.0632
33.8210
-66.3251
160.8721
53.6981
-64.8884
165.3783
73.9684
-63.0410
170.4275
-84.9292
-87.1144
150.7875
-63.9137
-88.2058
153.1779
-44.3594
-87.4687
154.9576
-24.3507
-86.6852
157.4394
-4.8378
-85.9605
161.4997
13.7787
-84.6259
166.2917
34.0391
-82.9645
171.6147
53.3588
-80.5206
176.9832
72.1078
-78.4304
182.1797
