-0.3241
0.3724
1.0000
-0.3083
0.4077
1.0000
-0.2813
0.4676
1.0000
-0.1955
0.5035
1.0000
-0.0550
0.5465
1.0000
0.0918
0.5299
1.0000
0.2000
0.4818
1.0000
0.2500
0.4367
1.0000
0.2557
0.3970
1.0000
-0.3145
0.2791
1.0000
-0.3114
0.2943
1.0000
-0.2692
0.3413
1.0000
-0.1763
0.3806
1.0000
-0.0446
0.3834
1.0000
0.1100
0.3919
1.0000
0.2046
0.3496
1.0000
0.2508
0.3178
1.0000
0.2617
0.2912
1.0000
-0.3042
0.1568
1.0000
-0.3146
0.1792
1.0000
-0.2667
0.2008
1.0000
-0.1792
0.2321
1.0000
-0.0435
0.2362
1.0000
0.1087
0.2322
1.0000
0.2061
0.2243
1.0000
0.2515
0.1941
1.0000
0.2547
0.1787
1.0000
-0.2955
0.0386
1.0000
-0.3016
0.0535
1.0000
-0.2774
0.0735
1.0000
-0.1820
0.0808
1.0000
-0.0422
0.0779
1.0000
0.1009
0.0899
1.0000
0.2151
0.0900
1.0000
0.2612
0.0859
1.0000
0.2699
0.0665
1.0000
-0.3169
-0.0608
1.0000
-0.3159
-0.0648
1.0000
-0.2659
-0.0627
1.0000
-0.1856
-0.0640
1.0000
-0.0466
-0.0701
1.0000
0.1115
-0.0572
1.0000
0.1996
-0.0466
1.0000
0.2656
-0.0318
1.0000
0.2722
-0.0324
1.0000
-0.3111
-0.1636
1.0000
-0.3081
-0.1880
1.0000
-0.2712
-0.1874
1.0000
-0.1814
-0.2150
1.0000
-0.0265
-0.2201
1.0000
0.1220
-0.2052
1.0000
0.2309
-0.1780
1.0000
0.2657
-0.1608
1.0000
0.2799
-0.1548
1.0000
-0.3200
-0.2741
1.0000
-0.3067
-0.3025
1.0000
-0.2553
-0.3329
1.0000
-0.1655
-0.3532
1.0000
-0.0261
-0.3648
1.0000
0.1161
-0.3491
1.0000
0.2183
-0.3173
1.0000
0.2761
-0.2973
1.0000
0.2797
-0.2544
1.0000
-0.3245
-0.3917
1.0000
-0.3060
-0.4329
1.0000
-0.2534
-0.4620
1.0000
-0.1513
-0.5017
1.0000
-0.0160
-0.5251
1.0000
0.1250
-0.4913
1.0000
0.2291
-0.4531
1.0000
0.2711
-0.4103
1.0000
0.2830
-0.3574
1.0000
-0.3203
-0.4878
1.0000
-0.3023
-0.5423
1.0000
-0.2462
-0.6048
1.0000
-0.1596
-0.6428
1.0000
-0.0121
-0.6708
1.0000
0.1370
-0.6346
1.0000
0.2318
-0.5848
1.0000
0.2870
-0.5111
1.0000
0.3053
-0.4720
1.0000
-59.0409
69.3048
185.6873
-51.8980
69.2793
167.5617
-41.8505
69.7769
150.6609
-26.9227
71.2018
137.8934
-7.8608
71.2708
132.7944
12.8564
72.0423
136.7877
29.2768
72.3395
149.1358
40.7967
72.4440
165.9943
48.0467
74.3254
184.6426
-58.2373
49.3114
185.3413
-51.4023
49.9289
166.1511
-41.0747
50.7680
150.0558
-25.0334
51.1412
137.1307
-6.5323
51.1565
132.6514
14.5534
52.9671
137.1737
30.2754
51.9811
149.2875
41.7644
52.9681
166.5424
48.2502
53.1478
183.9938
-57.4046
29.3043
185.0070
-51.8230
29.3422
167.1018
-40.7527
29.5164
150.0331
-25.8096
30.9949
137.9729
-6.0435
31.6430
132.6725
14.8340
31.8097
137.2014
30.3651
32.4794
148.8826
41.7689
33.2385
164.5604
48.8130
33.0941
184.6201
-57.1288
8.8493
185.2547
-51.1359
9.0947
165.9651
-40.3021
10.0699
149.5035
-24.5249
10.3454
137.4788
-5.2451
11.4041
132.5719
14.1829
11.9009
136.7284
31.2166
13.3351
148.7858
42.9875
12.8484
164.9293
49.2849
12.9596
183.7797
-57.6537
-10.8018
184.3009
-50.7333
-9.7625
165.6488
-39.9974
-9.9267
149.5912
-23.9205
-9.5401
137.2837
-5.1859
-8.9661
132.6533
15.4247
-7.9961
137.1560
31.5046
-7.1437
148.5516
43.5065
-6.4840
165.1373
49.8721
-6.1555
184.7770
-57.6060
-29.8497
183.6049
-50.4375
-30.1776
165.3729
-38.9064
-29.6349
148.6538
-24.2032
-29.2316
137.5925
-4.5102
-28.0151
132.5236
15.8478
-27.5247
137.3469
32.3724
-27.2775
148.9618
43.7619
-26.9588
164.6030
51.1847
-27.2860
184.4243
-57.9810
-50.5102
183.2764
-50.3847
-49.9636
165.9705
-38.2393
-50.2531
148.3231
-22.6018
-48.7244
137.1050
-3.2144
-47.7613
132.6146
16.2692
-47.1593
136.8751
32.5466
-47.4892
148.3322
44.6447
-47.2235
164.8314
51.7547
-46.2578
184.5226
-58.1938
-70.9793
183.6530
-49.6294
-70.2278
165.4125
-38.1298
-69.2226
149.0145
-21.7282
-69.0857
136.9355
-2.0287
-68.8095
132.4539
16.8514
-68.3696
136.3584
32.8816
-68.0226
148.0830
44.8901
-67.2163
164.6576
52.9235
-66.7136
183.8473
-58.1570
-89.7921
183.6244
-49.0962
-90.7277
164.5449
-37.4959
-89.8539
148.7739
-21.2349
-88.9414
136.7930
-1.4303
-88.6374
132.4119
17.3533
-88.1429
136.7381
34.3572
-87.3305
148.9199
45.6512
-86.6357
165.4196
53.6270
-86.3588
184.0699
