-0.4398
0.3562
1.0000
-0.3459
0.3606
1.0000
-0.2337
0.3716
1.0000
-0.1185
0.3817
1.0000
-0.0045
0.3883
1.0000
0.1246
0.3914
1.0000
0.2384
0.4020
1.0000
0.3706
0.4086
1.0000
0.4973
0.4212
1.0000
-0.5025
0.2884
1.0000
-0.3789
0.3008
1.0000
-0.2722
0.3141
1.0000
-0.1384
0.3159
1.0000
-0.0150
0.3061
1.0000
0.1214
0.3161
1.0000
0.2567
0.3094
1.0000
0.3926
0.3184
1.0000
0.5137
0.3195
1.0000
-0.5413
0.2092
1.0000
-0.4226
0.2066
1.0000
-0.2779
0.1972
1.0000
-0.1617
0.2087
1.0000
-0.0089
0.2019
1.0000
0.1232
0.2118
1.0000
0.2610
0.1863
1.0000
0.3951
0.1950
1.0000
0.5387
0.1849
1.0000
-0.5762
0.0834
1.0000
-0.4352
0.0640
1.0000
-0.3101
0.0793
1.0000
-0.1633
0.0677
1.0000
-0.0169
0.0769
1.0000
0.1097
0.0695
1.0000
0.2553
0.0694
1.0000
0.3939
0.0563
1.0000
0.5290
0.0646
1.0000
-0.5997
-0.0460
1.0000
-0.4421
-0.0580
1.0000
-0.3020
-0.0502
1.0000
-0.1619
-0.0732
1.0000
-0.0283
-0.0724
1.0000
0.1127
-0.0583
1.0000
0.2579
-0.0793
1.0000
0.3865
-0.0728
1.0000
0.5066
-0.0694
1.0000
-0.5883
-0.1960
1.0000
-0.4489
-0.2063
1.0000
-0.3034
-0.2007
1.0000
-0.1698
-0.2013
1.0000
-0.0338
-0.1926
1.0000
0.1125
-0.1932
1.0000
0.2349
-0.1879
1.0000
0.3487
-0.1893
1.0000
0.4614
-0.1961
1.0000
-0.5766
-0.3333
1.0000
-0.4465
-0.3244
1.0000
-0.2918
-0.3291
1.0000
-0.1595
-0.3138
1.0000
-0.0290
-0.3037
1.0000
0.0927
-0.2999
1.0000
0.1972
-0.2935
1.0000
0.3129
-0.2808
1.0000
0.4290
-0.2643
1.0000
-0.5724
-0.4495
1.0000
-0.4304
-0.4333
1.0000
-0.3021
-0.4118
1.0000
-0.1547
-0.4095
1.0000
-0.0447
-0.3956
1.0000
0.0771
-0.3775
1.0000
0.1672
-0.3556
1.0000
0.2807
-0.3298
1.0000
0.3707
-0.3228
1.0000
-0.5530
-0.5200
1.0000
-0.4131
-0.5117
1.0000
-0.2854
-0.5049
1.0000
-0.1697
-0.4847
1.0000
-0.0584
-0.4450
1.0000
0.0509
-0.4305
1.0000
0.1598
-0.3996
1.0000
0.2347
-0.3773
1.0000
0.3261
-0.3577
1.0000
-79.2892
61.2574
176.5709
-60.0710
62.1399
173.4956
-40.5854
63.2950
170.7499
-21.3118
64.7683
168.8073
-1.8454
64.9657
166.2387
19.0698
65.3011
164.6338
39.3149
65.2802
163.1667
59.5397
65.1441
161.3831
79.5434
66.6045
160.9546
-80.4478
47.0816
162.4896
-60.2051
47.7724
160.3695
-40.9900
48.5829
158.5283
-20.6365
48.6468
156.7529
-1.7773
48.1014
155.1985
19.5094
48.9932
154.4483
38.9976
47.4433
152.7829
59.6470
47.9509
151.8560
78.2975
47.7313
151.1490
-81.0752
30.8355
150.9779
-62.4173
30.4245
149.5332
-42.0091
29.7625
148.3171
-22.8586
30.4054
147.9941
-2.5229
30.2338
147.2783
18.7247
29.2439
146.6624
37.7980
28.9716
146.5666
57.4281
28.6430
146.4522
78.3899
27.9671
146.4079
-82.1554
11.8714
142.7783
-61.9274
11.1902
142.2812
-42.4213
11.1842
142.1811
-22.5338
10.3907
142.3633
-2.8088
10.2682
142.5768
16.9423
9.5136
143.2286
37.5244
9.8276
143.9324
57.4139
8.3683
144.8570
77.2139
8.2988
146.4669
-82.2981
-7.6043
138.6080
-62.3273
-7.6160
139.4454
-43.2620
-8.7604
140.1611
-23.0345
-9.5829
141.1698
-3.9213
-10.1866
142.5513
16.9725
-10.4234
144.1871
36.4894
-10.6270
146.0226
56.8633
-10.9077
148.3973
77.0670
-11.1769
151.0387
-82.6722
-26.7243
138.7748
-63.0771
-28.0168
140.2809
-43.0437
-28.4737
141.9764
-24.7607
-29.2089
143.9834
-4.7181
-28.9965
146.1807
16.0021
-29.4232
149.3932
35.8007
-29.8339
152.2493
54.6471
-29.8793
155.9057
75.6079
-29.8384
160.8685
-83.6507
-47.1769
142.1534
-64.8615
-47.2993
144.6883
-43.8847
-48.3778
147.6778
-24.8414
-47.5887
150.5630
-5.4240
-47.4446
153.4862
14.1848
-47.3682
157.2328
33.2696
-47.6073
162.0706
52.9554
-46.8415
167.0752
73.2169
-44.6439
172.6634
-85.5917
-66.5011
148.7713
-65.8080
-66.0948
152.2289
-46.1552
-65.7573
155.4842
-26.2091
-65.8727
159.5341
-6.6261
-65.7634
163.9988
11.9745
-64.8524
169.3704
30.2782
-63.5635
174.4509
49.5530
-61.5541
180.4676
69.3857
-59.7443
186.3426
-87.7874
-83.0770
157.5682
-67.2622
-84.0268
162.4189
-47.9885
-83.3052
165.9362
-28.1029
-82.3133
170.7401
-9.3710
-80.9961
176.3696
8.9506
-78.7219
183.3084
28.7380
-76.2881
189.4979
47.1478
-73.1434
196.4351
65.8854
-70.8138
202.1214
