-0.5288
0.4581
1.0000
-0.4046
0.4400
1.0000
-0.2650
0.4331
1.0000
-0.1472
0.4344
1.0000
-0.0326
0.4306
1.0000
0.0960
0.4280
1.0000
0.2291
0.4305
1.0000
0.3438
0.4299
1.0000
0.4682
0.4340
1.0000
-0.5160
0.3074
1.0000
-0.3783
0.3071
1.0000
-0.2668
0.3130
1.0000
-0.1418
0.2983
1.0000
-0.0110
0.3096
1.0000
0.1027
0.3119
1.0000
0.2135
0.2915
1.0000
0.3488
0.3054
1.0000
0.4457
0.2947
1.0000
-0.5077
0.1851
1.0000
-0.3876
0.1822
1.0000
-0.2591
0.1785
1.0000
-0.1557
0.1691
1.0000
-0.0319
0.1823
1.0000
0.1039
0.1783
1.0000
0.2067
0.1838
1.0000
0.3384
0.1705
1.0000
0.4523
0.1668
1.0000
-0.5083
0.0568
1.0000
-0.3885
0.0603
1.0000
-0.2623
0.0611
1.0000
-0.1399
0.0627
1.0000
-0.0238
0.0627
1.0000
0.0929
0.0605
1.0000
0.2207
0.0630
1.0000
0.3404
0.0567
1.0000
0.4523
0.0600
1.0000
-0.5146
-0.0631
1.0000
-0.3954
-0.0562
1.0000
-0.2707
-0.0555
1.0000
-0.1480
-0.0678
1.0000
-0.0319
-0.0666
1.0000
0.0937
-0.0527
1.0000
0.2121
-0.0536
1.0000
0.3490
-0.0561
1.0000
0.4699
-0.0552
1.0000
-0.5350
-0.1791
1.0000
-0.3977
-0.1670
1.0000
-0.2786
-0.1838
1.0000
-0.1574
-0.1850
1.0000
-0.0323
-0.1771
1.0000
0.1005
-0.1815
1.0000
0.2295
-0.1835
1.0000
0.3568
-0.1781
1.0000
0.4786
-0.1857
1.0000
-0.5634
-0.3157
1.0000
-0.4310
-0.3170
1.0000
-0.2891
-0.3229
1.0000
-0.1565
-0.3091
1.0000
-0.0325
-0.3211
1.0000
0.1009
-0.3066
1.0000
0.2366
-0.3160
1.0000
0.3646
-0.3089
1.0000
0.5011
-0.3186
1.0000
-0.5871
-0.4701
1.0000
-0.4515
-0.4709
1.0000
-0.3033
-0.4660
1.0000
-0.1716
-0.4570
1.0000
-0.0277
-0.4645
1.0000
0.1140
-0.4633
1.0000
0.2526
-0.4740
1.0000
0.3858
-0.4692
1.0000
0.5319
-0.4630
1.0000
-0.6122
-0.6073
1.0000
-0.4641
-0.6270
1.0000
-0.3168
-0.6218
1.0000
-0.1799
-0.6259
1.0000
-0.0333
-0.6407
1.0000
0.1084
-0.6246
1.0000
0.2611
-0.6232
1.0000
0.4057
-0.6136
1.0000
0.5402
-0.6148
1.0000
-82.7645
69.1054
155.6110
-63.3044
68.9305
157.4849
-43.8186
68.9390
158.3697
-24.2682
69.8383
159.2436
-4.6838
69.1838
160.3891
16.2508
69.1749
160.9920
36.5074
68.8985
161.7503
56.8333
68.5246
162.4155
76.8036
70.1068
162.6330
-83.0096
50.0466
161.3639
-62.6858
50.2095
162.3433
-43.5886
50.4496
162.6978
-23.0877
50.2883
163.6499
-4.2428
49.6001
164.4824
17.1476
50.7146
165.0932
36.6298
49.0861
166.1633
57.2462
49.6774
166.4992
75.9394
49.6315
167.1021
-83.2103
30.5481
164.1978
-64.4624
29.9392
164.7541
-44.0559
29.5043
165.4054
-24.9076
30.3748
165.8344
-4.5644
30.2921
166.3662
16.6694
29.7079
166.8607
35.7283
29.7942
167.6155
55.3703
29.8382
168.0723
76.3691
29.6406
168.4953
-83.8390
10.0916
164.0443
-63.6257
9.7542
164.2636
-44.1070
10.1218
164.5999
-24.2371
9.7732
165.1569
-4.4392
10.1567
165.4224
15.2250
9.9576
165.8401
35.8632
10.7465
166.1834
55.8014
9.9260
166.4264
75.6024
10.2457
167.0038
-83.6038
-9.3104
160.9822
-63.6147
-8.8801
161.6269
-44.5273
-9.5137
161.6650
-24.2156
-9.6918
161.7286
-5.0818
-9.8363
161.9849
15.8886
-9.5108
162.3408
35.5141
-9.2924
162.6656
55.9184
-9.1313
162.9348
76.3709
-9.1400
162.9732
-83.4449
-27.7931
156.6931
-63.7263
-28.4712
156.4457
-43.5461
-28.3223
156.4281
-25.2078
-28.6420
156.4609
-5.0944
-28.0401
156.7234
15.7611
-28.2902
157.1704
35.9738
-28.5785
157.0185
55.2296
-28.7560
157.2303
76.2260
-29.0567
157.3613
-83.5485
-47.3709
150.0499
-64.7320
-47.1473
149.9440
-43.3203
-47.7267
149.3247
-24.2720
-46.8087
149.8080
-4.3342
-46.5750
150.0469
15.4756
-46.5933
150.1375
35.2123
-47.4695
150.1221
55.5088
-47.7793
150.3554
76.3067
-47.2673
151.1378
-84.2760
-66.6854
143.2718
-64.1613
-66.1881
142.9934
-44.2587
-65.5178
142.6158
-23.9291
-65.8412
142.3678
-3.8664
-66.1933
142.1382
15.3145
-66.5017
142.4481
34.8100
-66.7686
142.9137
55.0533
-66.7285
143.5556
76.0597
-66.7349
144.5531
-84.7945
-84.8059
138.1026
-63.7895
-85.6902
136.5515
-44.0639
-84.9624
135.7279
-23.9883
-84.4820
135.2353
-3.8320
-84.8655
135.4029
15.2994
-85.2573
136.1164
36.0281
-85.2224
136.9688
55.9196
-85.3361
138.0648
76.0499
-85.5997
139.0656
