-0.6030
0.4872
1.0000
-0.4718
0.4948
1.0000
-0.3316
0.4900
1.0000
-0.1838
0.4876
1.0000
-0.0361
0.4862
1.0000
0.1191
0.4830
1.0000
0.2770
0.4705
1.0000
0.4291
0.4834
1.0000
0.5846
0.4848
1.0000
-0.5841
0.3381
1.0000
-0.4282
0.3339
1.0000
-0.3023
0.3308
1.0000
-0.1616
0.3388
1.0000
-0.0216
0.3274
1.0000
0.1275
0.3387
1.0000
0.2554
0.3228
1.0000
0.4012
0.3185
1.0000
0.5168
0.3195
1.0000
-0.5382
0.2067
1.0000
-0.4191
0.1932
1.0000
-0.2930
0.1898
1.0000
-0.1600
0.2059
1.0000
-0.0363
0.1941
1.0000
0.1155
0.1966
1.0000
0.2292
0.1910
1.0000
0.3671
0.1943
1.0000
0.5030
0.1906
1.0000
-0.5221
0.0703
1.0000
-0.4005
0.0673
1.0000
-0.2721
0.0743
1.0000
-0.1418
0.0677
1.0000
-0.0096
0.0692
1.0000
0.0946
0.0751
1.0000
0.2259
0.0833
1.0000
0.3557
0.0654
1.0000
0.4646
0.0797
1.0000
-0.4984
-0.0375
1.0000
-0.3744
-0.0358
1.0000
-0.2531
-0.0413
1.0000
-0.1494
-0.0530
1.0000
-0.0340
-0.0402
1.0000
0.0908
-0.0460
1.0000
0.2172
-0.0477
1.0000
0.3427
-0.0508
1.0000
0.4592
-0.0406
1.0000
-0.4992
-0.1409
1.0000
-0.3852
-0.1555
1.0000
-0.2548
-0.1698
1.0000
-0.1455
-0.1575
1.0000
-0.0331
-0.1497
1.0000
0.0965
-0.1601
1.0000
0.2088
-0.1658
1.0000
0.3280
-0.1656
1.0000
0.4478
-0.1638
1.0000
-0.5072
-0.2852
1.0000
-0.3906
-0.2692
1.0000
-0.2705
-0.2907
1.0000
-0.1457
-0.2827
1.0000
-0.0241
-0.2905
1.0000
0.0877
-0.2807
1.0000
0.2091
-0.2882
1.0000
0.3383
-0.2788
1.0000
0.4614
-0.2797
1.0000
-0.5257
-0.4195
1.0000
-0.3977
-0.4120
1.0000
-0.2790
-0.4052
1.0000
-0.1464
-0.4097
1.0000
-0.0265
-0.4160
1.0000
0.0953
-0.4158
1.0000
0.2156
-0.4132
1.0000
0.3413
-0.4265
1.0000
0.4707
-0.4246
1.0000
-0.5474
-0.5408
1.0000
-0.4132
-0.5576
1.0000
-0.2802
-0.5542
1.0000
-0.1564
-0.5462
1.0000
-0.0306
-0.5544
1.0000
0.0994
-0.5500
1.0000
0.2318
-0.5518
1.0000
0.3732
-0.5548
1.0000
0.4958
-0.5624
1.0000
-82.6531
66.9776
135.8344
-63.1788
65.9743
135.2687
-43.5910
65.3819
134.4806
-24.0732
65.8430
133.8561
-4.5118
65.0339
133.9111
16.5345
64.8317
133.6894
36.8234
64.4112
133.8027
57.1121
63.9667
133.8603
77.1022
65.2729
133.0976
-82.7757
48.8983
144.4370
-62.4007
48.6629
144.0134
-43.2765
48.5134
143.4941
-22.8203
48.2630
143.4752
-3.9598
47.4261
143.7398
17.4517
48.2871
143.1114
36.9779
46.6950
144.0140
57.6572
47.0674
143.5041
76.2940
46.9326
143.5421
-82.9613
31.0599
153.1814
-64.1704
30.3891
153.2698
-43.7277
29.8546
153.4323
-24.5653
30.5304
152.9796
-4.2209
30.2695
152.8399
16.9624
29.6191
153.1983
36.0946
29.6856
153.3660
55.6296
29.6354
153.3073
76.7142
29.2968
153.3645
-83.6185
12.0649
160.7166
-63.4729
11.6439
160.7937
-43.8577
11.8067
160.7171
-24.0571
11.4443
160.8946
-4.2326
11.6924
160.7924
15.4626
11.4537
161.0444
36.1206
12.1105
160.8045
55.9901
11.1831
161.0606
75.7926
11.6003
161.2122
-83.5110
-7.0908
165.3231
-63.5296
-6.5883
165.5411
-44.4840
-7.2920
165.6730
-24.1212
-7.6585
165.7771
-4.9800
-7.8580
165.9613
16.0107
-7.6821
166.0142
35.5560
-7.4820
166.0855
56.0194
-7.3861
166.1895
76.4378
-7.5385
166.2279
-83.4876
-25.9027
167.2579
-63.8122
-26.7071
167.3426
-43.6087
-26.7688
167.2730
-25.2131
-27.1628
167.4547
-5.1392
-26.7202
167.3777
15.7896
-26.9492
167.8858
35.8545
-27.3686
167.6993
55.1648
-27.6646
167.8719
76.2223
-28.0796
167.8881
-83.7783
-46.3207
165.6075
-64.9693
-46.3366
165.6491
-43.5227
-47.2237
165.4134
-24.4168
-46.4075
165.8143
-4.6022
-46.2758
165.9563
15.2159
-46.4603
165.9177
34.9696
-47.3526
165.9113
55.2978
-47.6105
165.6359
76.0683
-47.0038
165.7912
-84.6884
-65.9702
160.4718
-64.5416
-65.9566
160.9082
-44.6470
-65.5901
160.9705
-24.2885
-66.1728
160.9997
-4.2328
-66.5751
160.7300
14.8953
-66.7984
160.6313
34.4311
-67.0031
160.3344
54.7619
-66.8441
160.2628
75.7355
-66.7283
160.2090
-85.2045
-83.1260
153.1581
-64.2723
-84.9095
153.4537
-44.5138
-84.8233
153.9498
-24.4767
-84.6266
153.8815
-4.3346
-84.8274
153.2337
14.6517
-84.7463
152.5238
35.4571
-84.4528
152.4013
55.4745
-84.6197
152.6918
75.5435
-84.6747
152.8209
