-0.4235
0.2770
1.0000
-0.3124
0.2656
1.0000
-0.2200
0.2817
1.0000
-0.1155
0.2868
1.0000
-0.0238
0.2969
1.0000
0.0843
0.3093
1.0000
0.1802
0.3026
1.0000
0.2899
0.3147
1.0000
0.3958
0.3225
1.0000
-0.4370
0.2127
1.0000
-0.3382
0.2176
1.0000
-0.2281
0.2362
1.0000
-0.1266
0.2182
1.0000
-0.0272
0.2316
1.0000
0.0845
0.2468
1.0000
0.2099
0.2496
1.0000
0.3176
0.2568
1.0000
0.4239
0.2628
1.0000
-0.4754
0.1479
1.0000
-0.3698
0.1480
1.0000
-0.2578
0.1600
1.0000
-0.1470
0.1616
1.0000
-0.0352
0.1754
1.0000
0.0981
0.1733
1.0000
0.2117
0.1753
1.0000
0.3291
0.1898
1.0000
0.4663
0.1886
1.0000
-0.5191
0.0580
1.0000
-0.4031
0.0664
1.0000
-0.2838
0.0672
1.0000
-0.1628
0.0832
1.0000
-0.0306
0.0830
1.0000
0.0972
0.0910
1.0000
0.2249
0.0924
1.0000
0.3675
0.1015
1.0000
0.5007
0.0973
1.0000
-0.5649
-0.0413
1.0000
-0.4278
-0.0406
1.0000
-0.3094
-0.0409
1.0000
-0.1593
-0.0356
1.0000
-0.0402
-0.0370
1.0000
0.1067
-0.0254
1.0000
0.2484
-0.0267
1.0000
0.3934
-0.0214
1.0000
0.5334
-0.0178
1.0000
-0.5930
-0.1625
1.0000
-0.4470
-0.1704
1.0000
-0.2946
-0.1725
1.0000
-0.1835
-0.1741
1.0000
-0.0359
-0.1673
1.0000
0.1158
-0.1616
1.0000
0.2454
-0.1599
1.0000
0.3970
-0.1587
1.0000
0.5454
-0.1551
1.0000
-0.6103
-0.3196
1.0000
-0.4791
-0.3192
1.0000
-0.3160
-0.3198
1.0000
-0.1788
-0.3213
1.0000
-0.0288
-0.3138
1.0000
0.1232
-0.3211
1.0000
0.2539
-0.3174
1.0000
0.4192
-0.3206
1.0000
0.5553
-0.2965
1.0000
-0.6093
-0.4844
1.0000
-0.4710
-0.4684
1.0000
-0.3144
-0.4677
1.0000
-0.1626
-0.4686
1.0000
-0.0224
-0.4712
1.0000
0.1209
-0.4695
1.0000
0.2584
-0.4623
1.0000
0.3986
-0.4568
1.0000
0.5548
-0.4529
1.0000
-0.6003
-0.6005
1.0000
-0.4718
-0.6027
1.0000
-0.3091
-0.6069
1.0000
-0.1659
-0.6022
1.0000
-0.0290
-0.5963
1.0000
0.1154
-0.5944
1.0000
0.2618
-0.5778
1.0000
0.3995
-0.5762
1.0000
0.5303
-0.5627
1.0000
-83.1356
54.2397
200.5370
-63.6050
54.6488
199.3889
-43.9018
55.6211
198.1522
-24.4808
57.0074
197.6812
-5.1769
57.4114
195.9056
15.8157
58.3972
195.0774
35.9011
58.9485
193.9217
56.4143
59.5407
192.8225
76.2294
61.4215
192.8182
-83.1815
39.6468
187.1183
-62.9441
40.6808
185.9973
-43.6038
42.0332
185.0470
-23.3537
42.7158
183.7250
-4.6404
43.0492
182.1059
16.8697
44.7205
181.9061
36.1483
44.2448
179.5622
56.8882
45.6400
179.0415
75.5232
46.3314
178.2018
-83.3479
25.5481
173.1474
-64.7136
25.9822
171.9243
-44.4158
26.3466
170.2539
-25.4947
27.7639
169.8570
-5.0874
28.6108
168.7919
16.4019
28.9225
167.7740
35.3909
29.6333
167.0014
54.9100
30.4747
166.0183
75.9285
31.1276
165.0223
-84.0365
9.8962
159.6805
-63.7894
10.3477
158.4870
-44.3311
11.4308
157.8893
-24.4535
11.7256
157.0163
-4.6957
12.6276
156.4120
15.0541
13.0738
155.6538
35.6535
14.3836
155.3257
55.5331
14.1965
154.1333
75.2033
14.8921
153.6887
-83.6832
-6.5337
148.6005
-63.7232
-5.6231
148.3868
-44.6407
-5.7640
147.5064
-24.3346
-5.4759
146.8025
-5.2489
-5.1769
146.2637
15.6870
-4.4069
145.9222
35.3268
-3.8175
145.6338
55.7054
-3.2395
145.1868
76.1524
-2.8352
144.5510
-83.2755
-24.0972
141.1415
-63.6929
-24.4598
140.5845
-43.4946
-24.0762
140.1515
-25.1609
-24.1647
139.9402
-5.0156
-23.2287
139.7340
15.8271
-23.1439
139.8393
35.9494
-23.0365
139.2198
55.2195
-22.8804
138.9804
76.2772
-22.9021
138.7146
-83.2787
-44.3784
136.3948
-64.4424
-44.0142
136.5175
-43.0147
-44.4999
136.2477
-23.9598
-43.2673
136.4942
-4.1240
-42.8066
136.6043
15.7225
-42.6365
136.4822
35.4458
-43.2016
136.4656
55.8038
-43.1246
136.4641
76.5258
-42.0222
136.8739
-83.7577
-64.9267
136.0774
-63.6601
-64.3784
136.3190
-43.7297
-63.6439
136.2708
-23.4434
-63.8325
136.4224
-3.3490
-64.0295
136.6181
15.8541
-63.9414
137.0394
35.3664
-63.8197
137.5427
55.5366
-63.3598
138.1632
76.5142
-62.6996
138.7764
-84.1221
-83.5424
139.7542
-63.0995
-84.6841
139.8339
-43.3894
-84.0946
139.4020
-23.2876
-83.6083
139.2923
-3.2930
-83.6347
139.8207
15.9272
-83.3204
141.0592
36.6179
-82.7974
142.0156
56.5455
-82.0704
143.1254
76.5158
-81.6427
143.9567
