-0.4728
0.3918
1.0000
-0.3637
0.3922
1.0000
-0.2481
0.3949
1.0000
-0.1375
0.4056
1.0000
-0.0324
0.3915
1.0000
0.0841
0.3891
1.0000
0.2110
0.3925
1.0000
0.3323
0.3856
1.0000
0.4338
0.3854
1.0000
-0.4894
0.2943
1.0000
-0.3646
0.2943
1.0000
-0.2659
0.3112
1.0000
-0.1410
0.3026
1.0000
-0.0286
0.3030
1.0000
0.0984
0.3044
1.0000
0.2167
0.2968
1.0000
0.3496
0.2957
1.0000
0.4435
0.2876
1.0000
-0.5093
0.1995
1.0000
-0.3874
0.1873
1.0000
-0.2698
0.1762
1.0000
-0.1586
0.1903
1.0000
-0.0264
0.1870
1.0000
0.1032
0.1938
1.0000
0.2200
0.1970
1.0000
0.3380
0.1911
1.0000
0.4643
0.1795
1.0000
-0.5381
0.0669
1.0000
-0.4037
0.0861
1.0000
-0.2891
0.0713
1.0000
-0.1578
0.0696
1.0000
-0.0291
0.0758
1.0000
0.1035
0.0671
1.0000
0.2220
0.0790
1.0000
0.3580
0.0688
1.0000
0.4856
0.0781
1.0000
-0.5434
-0.0551
1.0000
-0.4063
-0.0534
1.0000
-0.2872
-0.0689
1.0000
-0.1643
-0.0468
1.0000
-0.0387
-0.0618
1.0000
0.1035
-0.0655
1.0000
0.2311
-0.0460
1.0000
0.3760
-0.0472
1.0000
0.5066
-0.0487
1.0000
-0.5518
-0.1719
1.0000
-0.4310
-0.1830
1.0000
-0.2909
-0.1815
1.0000
-0.1647
-0.1831
1.0000
-0.0382
-0.1752
1.0000
0.1151
-0.1699
1.0000
0.2425
-0.1895
1.0000
0.3663
-0.1847
1.0000
0.5100
-0.1928
1.0000
-0.5665
-0.3275
1.0000
-0.4413
-0.3255
1.0000
-0.2946
-0.3320
1.0000
-0.1576
-0.3227
1.0000
-0.0230
-0.3247
1.0000
0.1033
-0.3175
1.0000
0.2279
-0.3309
1.0000
0.3767
-0.3302
1.0000
0.5069
-0.3179
1.0000
-0.5932
-0.4691
1.0000
-0.4434
-0.4732
1.0000
-0.3066
-0.4735
1.0000
-0.1720
-0.4595
1.0000
-0.0308
-0.4677
1.0000
0.1023
-0.4723
1.0000
0.2321
-0.4628
1.0000
0.3618
-0.4497
1.0000
0.5025
-0.4622
1.0000
-0.6030
-0.5989
1.0000
-0.4558
-0.6119
1.0000
-0.3199
-0.6150
1.0000
-0.1669
-0.6164
1.0000
-0.0256
-0.6085
1.0000
0.1090
-0.6025
1.0000
0.2329
-0.5916
1.0000
0.3740
-0.5716
1.0000
0.4919
-0.5723
1.0000
-83.0332
68.5277
176.9444
-63.5592
68.3053
175.9493
-43.9988
68.5657
174.7215
-24.4651
69.6019
174.2002
-4.8704
69.0683
173.6987
16.0925
69.0689
174.2566
36.3648
68.4849
175.3215
56.6606
67.7113
176.4661
76.6040
68.8315
178.5845
-83.0547
49.7535
170.1681
-62.7542
50.0774
169.3771
-43.5822
50.5308
168.6049
-23.1263
50.4548
168.1397
-4.2087
49.9250
167.6962
17.1912
50.9120
168.2110
36.7187
49.2751
168.2722
57.3785
49.6919
169.1923
76.0529
49.4284
170.1830
-83.1143
30.9006
163.6318
-64.3732
30.5778
162.9701
-43.9757
30.1678
162.5837
-24.7549
31.0863
162.6156
-4.4934
31.1230
162.4506
16.7989
30.5796
162.1721
35.8906
30.6307
162.4900
55.4954
30.7530
162.7299
76.5126
30.4897
163.0240
-83.6361
11.1815
157.6512
-63.4427
10.9659
157.2430
-43.9425
11.4236
157.1917
-24.1105
11.0867
157.1632
-4.3376
11.5220
157.1556
15.3987
11.3428
157.1769
36.0005
12.1626
157.1493
55.9894
11.4223
156.8784
75.7865
11.7405
157.1655
-83.4736
-7.9810
152.5390
-63.5137
-7.4332
152.8562
-44.3917
-8.0986
152.7744
-24.0961
-8.2835
152.6426
-4.9586
-8.3783
152.6559
16.0318
-8.0604
152.7119
35.6186
-7.8423
152.7688
56.0329
-7.6556
152.7119
76.5327
-7.7066
152.6519
-83.2670
-26.6542
149.0155
-63.6174
-27.4125
148.9287
-43.4408
-27.4186
148.9177
-25.0969
-27.7914
149.1196
-4.9892
-27.1921
149.1667
15.8709
-27.4172
149.5705
36.0435
-27.7101
149.3859
55.2951
-27.9765
149.7462
76.3898
-28.4081
150.3352
-83.5220
-47.1049
145.6584
-64.6297
-47.0120
145.9161
-43.2830
-47.8104
145.8049
-24.1654
-46.9379
146.2900
-4.3506
-46.7982
146.4671
15.5063
-46.9507
146.6814
35.1793
-47.8836
147.3865
55.5464
-48.2109
148.2810
76.2455
-47.6474
149.8167
-84.2947
-67.4086
143.2570
-64.2049
-67.2169
143.6353
-44.3270
-66.7483
143.7501
-23.9432
-67.3304
144.0735
-3.9124
-67.8484
144.4016
15.2423
-68.1487
145.5038
34.7196
-68.5108
146.9236
54.8313
-68.4200
148.6510
75.8042
-68.3035
151.0127
-84.9230
-86.2406
142.0883
-63.8870
-87.7048
142.0798
-44.1899
-87.3078
142.1867
-24.0333
-87.1866
142.6354
-4.0370
-87.7023
144.1056
14.9923
-87.9259
146.2228
35.6293
-87.8983
148.4183
55.3867
-87.6655
151.1485
75.3229
-87.5844
153.9558
