-0.4828
0.3832
1.0000
-0.3654
0.3880
1.0000
-0.2482
0.3961
1.0000
-0.1340
0.3959
1.0000
-0.0174
0.4061
1.0000
0.1226
0.3972
1.0000
0.2433
0.3987
1.0000
0.3753
0.4036
1.0000
0.4842
0.4041
1.0000
-0.5224
0.3235
1.0000
-0.3916
0.3334
1.0000
-0.2721
0.3212
1.0000
-0.1294
0.3244
1.0000
-0.0055
0.3160
1.0000
0.1342
0.3134
1.0000
0.2588
0.3141
1.0000
0.4053
0.3029
1.0000
0.5172
0.3056
1.0000
-0.5718
0.2082
1.0000
-0.4368
0.2111
1.0000
-0.2924
0.2082
1.0000
-0.1525
0.2068
1.0000
-0.0146
0.2076
1.0000
0.1335
0.1937
1.0000
0.2629
0.1926
1.0000
0.3959
0.1970
1.0000
0.5307
0.1821
1.0000
-0.5915
0.0818
1.0000
-0.4407
0.0765
1.0000
-0.3053
0.0779
1.0000
-0.1530
0.0646
1.0000
-0.0200
0.0675
1.0000
0.1228
0.0619
1.0000
0.2661
0.0603
1.0000
0.3936
0.0368
1.0000
0.5269
0.0463
1.0000
-0.6152
-0.0639
1.0000
-0.4602
-0.0583
1.0000
-0.3065
-0.0674
1.0000
-0.1587
-0.0880
1.0000
-0.0259
-0.0803
1.0000
0.1246
-0.0714
1.0000
0.2490
-0.0774
1.0000
0.3803
-0.0856
1.0000
0.5104
-0.0860
1.0000
-0.6002
-0.2030
1.0000
-0.4582
-0.2117
1.0000
-0.3040
-0.2042
1.0000
-0.1619
-0.2073
1.0000
-0.0385
-0.1991
1.0000
0.1124
-0.2051
1.0000
0.2306
-0.2041
1.0000
0.3410
-0.1995
1.0000
0.4836
-0.1953
1.0000
-0.5819
-0.3220
1.0000
-0.4419
-0.3077
1.0000
-0.2934
-0.3208
1.0000
-0.1656
-0.3055
1.0000
-0.0397
-0.2937
1.0000
0.0825
-0.2867
1.0000
0.1959
-0.2859
1.0000
0.3140
-0.2814
1.0000
0.4212
-0.2703
1.0000
-0.5558
-0.4185
1.0000
-0.4315
-0.4001
1.0000
-0.2949
-0.3952
1.0000
-0.1660
-0.3940
1.0000
-0.0457
-0.3778
1.0000
0.0723
-0.3593
1.0000
0.1609
-0.3539
1.0000
0.2711
-0.3402
1.0000
0.3829
-0.3232
1.0000
-0.5268
-0.4752
1.0000
-0.4015
-0.4714
1.0000
-0.2856
-0.4586
1.0000
-0.1584
-0.4417
1.0000
-0.0545
-0.4165
1.0000
0.0504
-0.4037
1.0000
0.1496
-0.3809
1.0000
0.2428
-0.3669
1.0000
0.3296
-0.3538
1.0000
-79.9201
63.9655
165.5525
-60.5328
64.0869
164.0509
-40.8606
64.4831
162.9193
-21.3846
65.3302
162.5184
-1.9313
64.9899
161.3920
19.1319
64.8499
161.3550
39.3569
64.3436
161.1260
59.6884
63.7299
160.8326
79.7722
64.7316
161.7547
-80.3823
48.7860
152.5276
-59.9938
48.8607
152.0565
-40.6594
49.1472
151.7360
-20.3871
48.5055
151.3378
-1.5047
47.5742
151.0823
19.9761
48.1620
151.7741
39.4377
46.3309
151.1808
60.0844
46.5607
151.5012
78.7214
46.0814
151.5991
-80.6051
31.4081
142.7012
-61.9021
30.4842
142.7125
-41.4713
29.4894
142.9986
-22.3716
29.8076
143.7338
-2.0134
29.2549
144.0812
19.2052
28.1207
144.5713
38.2821
27.6377
145.3072
57.8470
27.2025
146.0366
78.8056
26.3685
146.6495
-81.5609
11.5262
136.9503
-61.4162
10.5809
137.6003
-41.8250
10.3258
138.6614
-22.0750
9.4053
139.7590
-2.3120
9.1535
140.8387
17.3318
8.2641
142.1561
37.9336
8.3939
143.4117
57.7219
6.9101
144.7911
77.5446
6.6698
146.5371
-81.8479
-8.2977
135.7051
-61.9577
-8.4753
137.3582
-42.9425
-9.7247
139.0236
-22.7453
-10.5646
140.5830
-3.7891
-11.2895
142.3902
17.1427
-11.5990
144.4717
36.6977
-11.9272
146.4655
56.9587
-12.2938
148.6777
77.1748
-12.7935
150.9449
-82.6609
-27.2204
138.8256
-63.0878
-28.5157
141.1327
-43.1125
-29.0112
143.3261
-24.8857
-29.7549
145.7467
-4.8417
-29.6658
147.9796
15.8073
-30.1665
151.1083
35.6768
-30.5916
153.8109
54.7726
-31.0864
157.1116
75.4336
-31.3497
160.4970
-84.1166
-46.7732
145.7956
-65.3950
-46.8289
148.4758
-44.4298
-47.8258
151.9382
-25.3919
-47.1594
154.3210
-5.9080
-47.1849
157.2573
13.6919
-47.2042
160.6137
32.9695
-47.7391
164.7671
52.9692
-47.5636
168.3913
73.4446
-46.2086
172.5820
-86.5653
-64.4214
155.7877
-66.8732
-64.1441
158.8132
-47.0588
-63.8872
161.9072
-27.2205
-64.0142
165.8538
-7.5212
-63.2100
171.0538
11.2072
-63.3076
174.1836
30.1100
-62.6393
178.4158
49.8152
-61.6183
182.7583
70.1964
-60.8383
186.9066
-89.3689
-79.2221
167.2031
-68.7071
-80.1028
171.9035
-49.3055
-79.4330
175.1562
-29.5429
-78.2541
179.6381
-10.2214
-77.2915
184.3990
8.6702
-76.3982
189.0849
28.8807
-74.8163
193.9311
48.0449
-72.8699
199.0004
67.8774
-71.7961
203.1894
