-0.5312
0.4096
1.0000
-0.4056
0.4157
1.0000
-0.2832
0.4361
1.0000
-0.1630
0.4334
1.0000
-0.0378
0.4304
1.0000
0.0914
0.4411
1.0000
0.2192
0.4392
1.0000
0.3547
0.4409
1.0000
0.4885
0.4579
1.0000
-0.5479
0.3082
1.0000
-0.4074
0.3217
1.0000
-0.2961
0.3239
1.0000
-0.1726
0.3232
1.0000
-0.0397
0.3356
1.0000
0.1019
0.3416
1.0000
0.2361
0.3460
1.0000
0.3825
0.3529
1.0000
0.5049
0.3528
1.0000
-0.5629
0.1883
1.0000
-0.4357
0.1890
1.0000
-0.3060
0.1879
1.0000
-0.1745
0.1999
1.0000
-0.0450
0.2162
1.0000
0.1072
0.2046
1.0000
0.2308
0.2237
1.0000
0.3861
0.2236
1.0000
0.5355
0.2348
1.0000
-0.5699
0.0428
1.0000
-0.4273
0.0551
1.0000
-0.3086
0.0693
1.0000
-0.1682
0.0648
1.0000
-0.0325
0.0707
1.0000
0.0985
0.0647
1.0000
0.2408
0.0888
1.0000
0.3898
0.0868
1.0000
0.5411
0.0835
1.0000
-0.5413
-0.0801
1.0000
-0.4202
-0.0802
1.0000
-0.3023
-0.0641
1.0000
-0.1634
-0.0756
1.0000
-0.0426
-0.0793
1.0000
0.1005
-0.0690
1.0000
0.2486
-0.0598
1.0000
0.3862
-0.0597
1.0000
0.5363
-0.0644
1.0000
-0.5327
-0.1991
1.0000
-0.3938
-0.1978
1.0000
-0.2773
-0.2005
1.0000
-0.1626
-0.1921
1.0000
-0.0329
-0.1922
1.0000
0.1054
-0.1933
1.0000
0.2440
-0.1937
1.0000
0.3790
-0.1928
1.0000
0.5238
-0.1955
1.0000
-0.5001
-0.2956
1.0000
-0.3962
-0.3052
1.0000
-0.2635
-0.3220
1.0000
-0.1467
-0.2924
1.0000
-0.0127
-0.2941
1.0000
0.1063
-0.2961
1.0000
0.2281
-0.2937
1.0000
0.3568
-0.2873
1.0000
0.4960
-0.2877
1.0000
-0.4749
-0.3973
1.0000
-0.3566
-0.3942
1.0000
-0.2455
-0.3792
1.0000
-0.1283
-0.3800
1.0000
-0.0062
-0.3866
1.0000
0.1029
-0.3775
1.0000
0.2234
-0.3775
1.0000
0.3439
-0.3904
1.0000
0.4794
-0.3801
1.0000
-0.4345
-0.4689
1.0000
-0.3334
-0.4651
1.0000
-0.2314
-0.4609
1.0000
-0.1144
-0.4587
1.0000
-0.0004
-0.4534
1.0000
0.1022
-0.4507
1.0000
0.2230
-0.4523
1.0000
0.3321
-0.4528
1.0000
0.4480
-0.4482
1.0000
-84.6555
67.0208
161.5726
-65.1727
66.8543
160.2714
-45.5859
67.2415
158.8535
-26.0693
68.2871
158.0623
-6.5909
68.0292
156.6459
14.3805
68.4690
155.5904
34.6451
68.5798
154.5780
54.8668
68.5033
153.2721
74.8716
70.1823
153.2153
-84.6714
48.0850
154.8853
-64.3932
48.6565
153.6237
-45.2660
49.3742
152.0842
-24.8908
49.5881
150.6148
-6.0213
49.3437
149.1314
15.3260
50.8442
148.0660
34.7490
49.7197
146.3327
55.3642
50.8731
144.9346
73.9842
51.1376
143.7805
-84.5828
28.4452
151.1153
-65.8745
28.3729
149.6917
-45.5306
28.4093
148.0636
-26.4564
29.6756
146.6786
-6.1564
30.1624
144.9860
15.0150
30.0345
143.2522
34.0964
30.6231
141.9908
53.5811
31.1717
140.4198
74.5659
31.5667
138.7246
-84.7483
7.8073
150.6245
-64.6283
7.9667
148.8722
-45.1193
8.8106
147.2631
-25.3357
8.9480
145.8708
-5.6552
9.8339
144.1808
14.0420
10.0007
142.6967
34.5439
11.3279
140.9256
54.3950
10.9676
139.3036
74.1559
11.8058
137.9788
-83.8827
-11.8710
152.7310
-63.9913
-10.8530
151.2346
-44.8985
-11.0397
149.9332
-24.6889
-10.8395
148.3687
-5.5927
-10.4933
146.9559
15.3238
-9.7302
145.3348
34.8804
-9.0323
143.9272
55.1874
-8.4204
142.3612
75.5856
-7.9329
140.7551
-82.9801
-30.3056
157.7115
-63.2991
-30.6280
156.4086
-43.2074
-30.0747
154.9591
-24.8140
-29.9877
153.9173
-4.8323
-28.9196
152.2431
16.1149
-28.4451
151.2482
36.1331
-28.1600
149.8123
55.3082
-27.8704
148.7139
76.4218
-27.6321
147.7195
-82.1897
-49.7399
164.8321
-63.3394
-49.0531
163.7389
-42.1589
-49.3003
162.6642
-22.9346
-47.8382
161.2817
-3.2164
-47.0619
160.1040
16.5906
-46.5700
158.9398
36.3827
-46.7196
158.4318
56.6502
-46.3082
157.2478
77.3411
-44.8888
156.1728
-81.8598
-68.2765
173.5547
-61.9722
-67.2925
172.3527
-41.9493
-66.3611
171.1970
-21.6800
-66.0085
170.5735
-1.5905
-65.7534
169.7755
17.5897
-65.1795
169.0918
36.8445
-64.5112
168.2946
57.2613
-63.7856
167.6279
78.2375
-62.7486
166.4910
-81.4663
-84.9332
182.3794
-60.4194
-85.3840
182.3957
-40.7236
-84.3210
181.2477
-20.6570
-83.3050
180.3918
-0.8221
-82.7506
179.6293
18.4470
-81.9991
179.4843
39.1735
-80.9285
178.7748
59.1478
-79.8641
178.1766
79.1421
-79.1587
176.9408
