-0.4079
0.3541
1.0000
-0.3651
0.4037
1.0000
-0.2948
0.4248
1.0000
-0.1908
0.4712
1.0000
-0.0714
0.4963
1.0000
0.0723
0.5005
1.0000
0.1962
0.4884
1.0000
0.3022
0.4597
1.0000
0.3763
0.4361
1.0000
-0.4079
0.2553
1.0000
-0.3589
0.2842
1.0000
-0.2929
0.3238
1.0000
-0.1851
0.3466
1.0000
-0.0581
0.3574
1.0000
0.0824
0.3651
1.0000
0.2067
0.3500
1.0000
0.3143
0.3475
1.0000
0.3707
0.3145
1.0000
-0.4103
0.1473
1.0000
-0.3591
0.1724
1.0000
-0.2890
0.1796
1.0000
-0.1859
0.2051
1.0000
-0.0392
0.2283
1.0000
0.0893
0.2286
1.0000
0.2042
0.2128
1.0000
0.3068
0.2122
1.0000
0.3903
0.2079
1.0000
-0.4288
0.0283
1.0000
-0.3644
0.0422
1.0000
-0.2875
0.0662
1.0000
-0.1760
0.0753
1.0000
-0.0403
0.0721
1.0000
0.1054
0.0978
1.0000
0.2194
0.1010
1.0000
0.3110
0.0867
1.0000
0.3854
0.0887
1.0000
-0.4207
-0.0759
1.0000
-0.3689
-0.0629
1.0000
-0.2839
-0.0596
1.0000
-0.1702
-0.0650
1.0000
-0.0363
-0.0544
1.0000
0.1090
-0.0535
1.0000
0.2387
-0.0468
1.0000
0.3360
-0.0366
1.0000
0.3991
-0.0155
1.0000
-0.4187
-0.1842
1.0000
-0.3635
-0.2026
1.0000
-0.2775
-0.1990
1.0000
-0.1741
-0.2008
1.0000
-0.0284
-0.1947
1.0000
0.1156
-0.1772
1.0000
0.2298
-0.1743
1.0000
0.3234
-0.1628
1.0000
0.3967
-0.1414
1.0000
-0.4199
-0.3089
1.0000
-0.3686
-0.3233
1.0000
-0.2719
-0.3436
1.0000
-0.1543
-0.3454
1.0000
-0.0177
-0.3338
1.0000
0.1275
-0.3276
1.0000
0.2442
-0.3138
1.0000
0.3351
-0.2856
1.0000
0.3992
-0.2591
1.0000
-0.4360
-0.4327
1.0000
-0.3650
-0.4533
1.0000
-0.2661
-0.4837
1.0000
-0.1443
-0.4966
1.0000
-0.0231
-0.4911
1.0000
0.1344
-0.4646
1.0000
0.2497
-0.4613
1.0000
0.3420
-0.4157
1.0000
0.4174
-0.3710
1.0000
-0.4249
-0.5426
1.0000
-0.3549
-0.5909
1.0000
-0.2601
-0.6144
1.0000
-0.1463
-0.6295
1.0000
-0.0032
-0.6324
1.0000
0.1431
-0.6188
1.0000
0.2589
-0.5853
1.0000
0.3567
-0.5405
1.0000
0.4240
-0.4949
1.0000
-75.7680
65.9783
184.2763
-61.9541
67.1852
170.5599
-46.7146
68.7202
158.1078
-29.2149
70.9664
149.4955
-9.9086
71.5874
145.4088
11.1166
72.7651
146.0428
30.5851
73.5234
151.2450
48.9060
73.8889
161.0486
64.7460
75.9917
173.4975
-74.9517
46.0748
182.5411
-60.7201
47.9290
168.0446
-45.5963
49.7984
156.3479
-26.8495
51.0788
147.8937
-8.1320
51.5469
144.3561
13.2569
53.8053
145.6607
32.1375
53.0754
151.3869
50.3930
54.4974
161.1480
65.1960
54.9609
172.7490
-74.2890
26.1751
180.8294
-61.4068
27.2949
167.1828
-44.9085
28.6228
155.2004
-27.3600
30.8179
147.4508
-7.2805
32.1019
143.6500
14.0508
32.6662
145.0095
32.3823
33.5126
150.6434
49.7923
34.4075
159.7182
66.4009
34.7464
172.9961
-74.1357
5.8326
179.3065
-60.0723
7.2674
164.7118
-44.0050
9.1471
153.5433
-25.6115
10.2724
146.0800
-6.0606
11.9019
142.7304
13.7263
12.7218
144.2109
33.5372
14.4763
150.1043
51.0954
14.2054
158.8825
66.5485
15.0371
172.4639
-74.0274
-13.7809
176.6973
-59.3031
-11.5713
163.3010
-43.4872
-10.7546
152.5349
-24.5546
-9.5663
144.9235
-5.5675
-8.4612
141.8905
15.4944
-7.0505
143.6103
34.2214
-5.9735
149.4192
52.1997
-5.1045
159.4058
68.0723
-4.6335
172.5486
-73.1710
-32.7200
174.7501
-58.7430
-31.8604
161.6941
-41.7535
-30.2949
150.6906
-24.4648
-29.3502
144.1473
-4.5140
-27.5662
141.0666
16.3452
-26.5909
143.3067
35.4388
-26.1544
149.6156
52.5024
-25.6595
158.9202
68.9682
-25.3302
172.2091
-73.0370
-53.3055
172.9746
-58.6546
-51.7136
160.7633
-40.5660
-50.8759
149.2280
-22.5474
-48.5928
142.8904
-2.7824
-47.2068
140.3691
17.0473
-46.2635
142.2861
35.8804
-46.2879
148.5731
53.6357
-45.8822
157.9494
69.8633
-44.5310
171.8114
-72.9381
-73.7579
171.7196
-57.4481
-71.8722
158.9893
-40.4718
-69.8995
148.5446
-21.2397
-68.9909
141.7546
-1.1746
-68.2304
139.3721
17.9593
-67.4157
141.6717
36.4907
-66.8662
148.1830
54.1168
-65.9259
158.3986
70.7321
-64.9444
171.3653
-72.5030
-92.5328
170.6616
-56.1938
-92.1694
156.8201
-39.3387
-90.3844
147.1724
-20.2233
-88.7999
140.6290
-0.1345
-88.0359
138.5279
18.9379
-87.2017
141.0490
38.5344
-86.1631
148.0640
55.5401
-85.2033
158.4797
71.7032
-84.6629
170.7765
