-0.6900
0.6245
1.0000
-0.4920
0.5772
1.0000
-0.3204
0.5510
1.0000
-0.1576
0.5154
1.0000
-0.0336
0.4849
1.0000
0.0782
0.4358
1.0000
0.1485
0.3848
1.0000
0.1990
0.3304
1.0000
0.2320
0.3015
1.0000
-0.6725
0.4182
1.0000
-0.4809
0.4100
1.0000
-0.3073
0.3977
1.0000
-0.1433
0.3617
1.0000
-0.0239
0.3429
1.0000
0.1028
0.3236
1.0000
0.1852
0.2919
1.0000
0.2480
0.2608
1.0000
0.2884
0.2298
1.0000
-0.6394
0.2302
1.0000
-0.4778
0.2182
1.0000
-0.2987
0.2221
1.0000
-0.1512
0.2111
1.0000
-0.0021
0.2021
1.0000
0.1161
0.1848
1.0000
0.2163
0.1796
1.0000
0.2777
0.1551
1.0000
0.3248
0.1453
1.0000
-0.6056
0.0804
1.0000
-0.4542
0.0631
1.0000
-0.2976
0.0431
1.0000
-0.1564
0.0549
1.0000
-0.0059
0.0603
1.0000
0.1212
0.0518
1.0000
0.2420
0.0510
1.0000
0.3113
0.0517
1.0000
0.3695
0.0530
1.0000
-0.5576
-0.0340
1.0000
-0.4263
-0.0609
1.0000
-0.3044
-0.0720
1.0000
-0.1491
-0.0857
1.0000
-0.0140
-0.0833
1.0000
0.1256
-0.0839
1.0000
0.2370
-0.0733
1.0000
0.3329
-0.0621
1.0000
0.4086
-0.0545
1.0000
-0.5083
-0.1200
1.0000
-0.4123
-0.1560
1.0000
-0.2761
-0.1889
1.0000
-0.1549
-0.2026
1.0000
-0.0176
-0.2087
1.0000
0.1179
-0.1977
1.0000
0.2347
-0.2016
1.0000
0.3505
-0.1916
1.0000
0.4189
-0.1770
1.0000
-0.4703
-0.2005
1.0000
-0.3851
-0.2287
1.0000
-0.2746
-0.2736
1.0000
-0.1541
-0.3119
1.0000
-0.0369
-0.3044
1.0000
0.1005
-0.3208
1.0000
0.2204
-0.3172
1.0000
0.3363
-0.3115
1.0000
0.4368
-0.2873
1.0000
-0.4330
-0.2507
1.0000
-0.3459
-0.2990
1.0000
-0.2483
-0.3327
1.0000
-0.1476
-0.3666
1.0000
-0.0374
-0.4073
1.0000
0.0809
-0.4143
1.0000
0.2002
-0.4195
1.0000
0.3114
-0.4147
1.0000
0.4237
-0.3905
1.0000
-0.4103
-0.2985
1.0000
-0.3140
-0.3315
1.0000
-0.2256
-0.3731
1.0000
-0.1349
-0.4203
1.0000
-0.0373
-0.4613
1.0000
0.0743
-0.4836
1.0000
0.1869
-0.5045
1.0000
0.2948
-0.5088
1.0000
0.4097
-0.5004
1.0000
-73.8564
65.8057
106.1858
-55.2677
65.6766
112.3457
-37.2337
66.4244
119.8600
-20.4137
67.7201
130.3103
-4.1831
67.3346
141.4625
11.7025
67.1163
155.2277
25.1235
65.6623
170.4517
37.5054
63.5857
186.4059
48.0616
62.3681
203.4960
-74.9896
46.4835
111.5163
-55.0110
46.5357
115.2325
-36.6404
47.2921
120.7537
-17.9184
47.6112
129.6598
-1.3660
47.5502
138.7032
16.0495
48.9076
151.3600
30.7955
47.1713
164.0362
44.3088
46.4639
179.9997
55.7422
44.7818
194.5889
-76.7457
28.2104
119.2960
-58.0163
26.7411
120.5220
-37.7157
26.1481
124.3892
-19.3782
27.4244
129.6732
-0.6639
28.0545
137.0347
18.1588
28.0390
147.9115
33.7083
28.4292
159.1566
48.2233
28.0720
172.5115
62.5217
26.8721
187.7110
-78.6892
10.8402
130.2346
-58.7840
8.1523
128.6654
-39.0630
7.3388
129.6856
-19.5288
6.9878
132.9977
-0.2989
7.6993
138.6747
17.7824
8.1030
145.8240
36.1472
9.5223
156.1830
52.5571
8.8918
167.6192
67.0717
9.1113
181.3162
-79.4938
-4.9804
142.1555
-60.0554
-8.0194
138.6484
-41.0671
-10.8000
137.8043
-20.6631
-12.1478
138.8699
-1.8274
-12.4444
142.0643
18.4801
-11.8281
147.8089
36.8294
-10.9451
154.8620
54.7520
-10.2068
164.8033
71.4996
-9.9609
176.6766
-79.7400
-18.6759
155.4553
-61.2573
-24.0862
151.1519
-41.5992
-27.8377
147.8425
-23.3553
-30.1625
146.9778
-3.1092
-30.7664
147.7089
17.4790
-31.0907
151.3984
36.8689
-31.0438
156.1232
55.0491
-30.7657
163.6884
73.6905
-30.4368
173.6343
-80.1136
-33.2198
170.1247
-62.6367
-38.3414
164.9468
-42.5389
-44.2731
160.5346
-23.7704
-46.8446
156.9557
-4.1094
-48.7797
155.7731
15.8049
-49.9479
156.9440
35.2602
-51.0284
160.1737
55.1005
-50.9981
165.0379
74.6417
-49.7084
172.5417
-80.2740
-46.3031
185.8486
-62.2266
-52.2168
179.5507
-43.8143
-57.7767
173.8781
-24.7147
-63.0906
169.3257
-5.1683
-67.1457
166.3803
13.9244
-69.2852
165.6549
33.4389
-70.5494
166.6379
53.6129
-70.8739
169.4353
74.1336
-70.2170
174.2256
-80.0219
-57.7491
200.8772
-61.1058
-65.4303
195.6500
-43.4143
-71.2783
189.3833
-25.1740
-77.3895
183.1287
-6.5575
-82.9161
178.2366
12.2229
-86.2236
175.5247
33.0730
-88.3394
174.6718
53.0367
-89.0927
175.7728
72.9901
-89.4687
178.3897
