-0.4341
0.3795
1.0000
-0.3343
0.3716
1.0000
-0.2221
0.3806
1.0000
-0.1119
0.3804
1.0000
-0.0017
0.3877
1.0000
0.1136
0.3809
1.0000
0.2437
0.3838
1.0000
0.3575
0.3829
1.0000
0.4812
0.3792
1.0000
-0.4875
0.3152
1.0000
-0.3602
0.3040
1.0000
-0.2434
0.3146
1.0000
-0.1190
0.3146
1.0000
-0.0102
0.3019
1.0000
0.1264
0.3113
1.0000
0.2555
0.2918
1.0000
0.3900
0.2902
1.0000
0.4993
0.2902
1.0000
-0.5184
0.2234
1.0000
-0.3959
0.2220
1.0000
-0.2709
0.1990
1.0000
-0.1448
0.2139
1.0000
-0.0154
0.2096
1.0000
0.1207
0.1939
1.0000
0.2566
0.1952
1.0000
0.3982
0.1868
1.0000
0.5263
0.1868
1.0000
-0.5533
0.0987
1.0000
-0.4292
0.0967
1.0000
-0.2918
0.0898
1.0000
-0.1582
0.0879
1.0000
-0.0166
0.0815
1.0000
0.1099
0.0755
1.0000
0.2560
0.0647
1.0000
0.3964
0.0538
1.0000
0.5259
0.0517
1.0000
-0.5721
-0.0303
1.0000
-0.4386
-0.0307
1.0000
-0.2999
-0.0468
1.0000
-0.1645
-0.0575
1.0000
-0.0382
-0.0651
1.0000
0.1047
-0.0645
1.0000
0.2452
-0.0837
1.0000
0.3887
-0.0851
1.0000
0.5277
-0.0859
1.0000
-0.5828
-0.1625
1.0000
-0.4468
-0.1688
1.0000
-0.3077
-0.1721
1.0000
-0.1850
-0.1824
1.0000
-0.0382
-0.1869
1.0000
0.1055
-0.1957
1.0000
0.2337
-0.2089
1.0000
0.3671
-0.2122
1.0000
0.5117
-0.2252
1.0000
-0.5703
-0.2824
1.0000
-0.4462
-0.2982
1.0000
-0.3073
-0.3034
1.0000
-0.1716
-0.3108
1.0000
-0.0417
-0.3072
1.0000
0.0884
-0.3142
1.0000
0.2145
-0.3260
1.0000
0.3424
-0.3219
1.0000
0.4869
-0.3391
1.0000
-0.5661
-0.3924
1.0000
-0.4350
-0.3997
1.0000
-0.2873
-0.4016
1.0000
-0.1758
-0.4126
1.0000
-0.0375
-0.4057
1.0000
0.0658
-0.4082
1.0000
0.1882
-0.4147
1.0000
0.3068
-0.4218
1.0000
0.4466
-0.4158
1.0000
-0.5415
-0.4752
1.0000
-0.4071
-0.4848
1.0000
-0.2837
-0.4798
1.0000
-0.1611
-0.4853
1.0000
-0.0608
-0.4833
1.0000
0.0551
-0.4884
1.0000
0.1734
-0.4795
1.0000
0.2915
-0.4799
1.0000
0.4047
-0.4836
1.0000
-78.2202
66.7994
178.4903
-58.7451
66.1650
176.4383
-39.1685
65.9473
174.4712
-19.7048
66.2541
173.1949
-0.2981
65.5040
170.8969
20.5913
65.0443
169.3363
40.7795
64.0034
168.1654
61.0211
62.9510
166.8658
81.1031
63.4166
166.8150
-79.5452
51.3926
165.9280
-59.2984
50.9629
164.3446
-40.0092
50.8232
162.8160
-19.7160
50.0662
161.1686
-0.9500
48.7754
159.6187
20.4886
48.9185
158.9733
39.9176
46.6112
157.2899
60.4995
46.4142
156.5467
79.1449
45.4944
155.6344
-80.7856
34.5611
155.4066
-62.1290
33.3707
154.1427
-41.7948
31.9555
152.9022
-22.5957
31.8966
152.3546
-2.2906
31.0597
151.4760
18.8540
29.4732
150.4625
37.8940
28.6549
149.8886
57.4812
27.8751
149.0466
78.4648
26.7689
148.0927
-82.5299
15.2763
148.0077
-62.4245
13.9581
147.2042
-42.8484
13.4058
146.7419
-23.0540
12.0440
146.3491
-3.3038
11.4650
145.9519
16.3331
10.1827
145.5543
36.9862
9.9453
145.1663
56.8434
8.0826
144.4671
76.6521
7.4584
144.4820
-83.4153
-4.3015
144.6413
-63.4297
-4.8492
144.7353
-44.3744
-6.5138
144.5311
-24.1633
-7.8380
144.3446
-5.0603
-8.9233
144.2703
15.8951
-9.7489
144.2363
35.5331
-10.5727
144.2810
55.9234
-11.4901
144.2886
76.3409
-12.5891
144.2522
-84.2536
-23.4264
145.6820
-64.7140
-25.1713
145.8273
-44.4916
-26.2462
146.0421
-26.1599
-27.5194
146.3550
-6.0957
-27.9755
146.3045
14.8122
-29.1852
147.0215
34.8392
-30.4859
147.1264
54.0607
-31.7195
147.5882
75.1199
-33.1215
148.1579
-85.6442
-43.6250
150.1108
-66.6903
-44.4112
150.6414
-45.5648
-46.1969
151.2510
-26.2580
-46.3247
151.5392
-6.6069
-47.0401
151.9248
13.0836
-48.1125
152.2120
32.7588
-49.8164
153.4462
53.1415
-50.9614
154.0480
74.0451
-51.1820
154.8704
-87.4671
-62.5870
157.6580
-67.4587
-63.1744
158.2993
-47.4703
-63.8427
158.6873
-27.1699
-65.0415
159.8450
-7.1865
-66.2845
160.7791
11.9719
-67.1906
161.8154
31.2054
-68.1401
162.7061
51.7474
-68.9327
163.7599
72.5057
-69.3538
164.3170
-89.2172
-79.0369
166.8596
-68.2040
-81.1551
168.5229
-48.6234
-81.5773
168.9916
-28.3875
-81.9946
170.1777
-8.7267
-83.0290
171.1609
10.4693
-83.7231
172.4185
31.3422
-84.3554
173.4701
51.1227
-84.6264
174.5314
71.0484
-85.1420
175.8598
