-0.6208
0.5160
1.0000
-0.4606
0.5015
1.0000
-0.2923
0.4884
1.0000
-0.1496
0.4736
1.0000
-0.0084
0.4602
1.0000
0.1440
0.4498
1.0000
0.2653
0.4402
1.0000
0.3972
0.4210
1.0000
0.5226
0.4176
1.0000
-0.6338
0.3840
1.0000
-0.4677
0.3721
1.0000
-0.3157
0.3658
1.0000
-0.1424
0.3527
1.0000
0.0060
0.3258
1.0000
0.1544
0.3351
1.0000
0.2814
0.3104
1.0000
0.4284
0.2971
1.0000
0.5487
0.2954
1.0000
-0.6388
0.2190
1.0000
-0.4830
0.2114
1.0000
-0.3163
0.1918
1.0000
-0.1691
0.1933
1.0000
0.0013
0.1832
1.0000
0.1460
0.1761
1.0000
0.2838
0.1639
1.0000
0.4123
0.1630
1.0000
0.5476
0.1611
1.0000
-0.6201
0.0561
1.0000
-0.4663
0.0465
1.0000
-0.3175
0.0425
1.0000
-0.1583
0.0287
1.0000
-0.0099
0.0398
1.0000
0.1241
0.0382
1.0000
0.2704
0.0358
1.0000
0.4092
0.0129
1.0000
0.5351
0.0158
1.0000
-0.5772
-0.0631
1.0000
-0.4447
-0.0634
1.0000
-0.3061
-0.0816
1.0000
-0.1672
-0.0838
1.0000
-0.0292
-0.0891
1.0000
0.1068
-0.0916
1.0000
0.2423
-0.0924
1.0000
0.3647
-0.1046
1.0000
0.5098
-0.1099
1.0000
-0.5433
-0.1403
1.0000
-0.4083
-0.1497
1.0000
-0.2718
-0.1630
1.0000
-0.1676
-0.1802
1.0000
-0.0470
-0.1948
1.0000
0.1018
-0.1797
1.0000
0.2169
-0.1929
1.0000
0.3413
-0.1925
1.0000
0.4610
-0.2209
1.0000
-0.5057
-0.2108
1.0000
-0.3962
-0.2306
1.0000
-0.2659
-0.2431
1.0000
-0.1476
-0.2407
1.0000
-0.0427
-0.2386
1.0000
0.0673
-0.2648
1.0000
0.1815
-0.2796
1.0000
0.3132
-0.2716
1.0000
0.4268
-0.2925
1.0000
-0.4795
-0.2859
1.0000
-0.3695
-0.2824
1.0000
-0.2581
-0.3004
1.0000
-0.1538
-0.3072
1.0000
-0.0451
-0.3168
1.0000
0.0651
-0.3199
1.0000
0.1607
-0.3373
1.0000
0.2672
-0.3446
1.0000
0.3862
-0.3448
1.0000
-0.4716
-0.3448
1.0000
-0.3484
-0.3547
1.0000
-0.2474
-0.3509
1.0000
-0.1326
-0.3513
1.0000
-0.0464
-0.3621
1.0000
0.0552
-0.3666
1.0000
0.1542
-0.3796
1.0000
0.2535
-0.3787
1.0000
0.3518
-0.3912
1.0000
-79.3395
66.3209
128.7836
-59.9340
65.2929
131.1389
-40.4065
64.8505
133.3874
-21.0998
65.1575
136.3536
-1.6863
64.0397
138.8518
18.9723
63.5243
142.0216
39.0656
62.7326
144.9429
59.1539
61.7659
147.8012
78.8210
62.7214
151.4729
-78.9999
46.8558
123.6968
-58.8803
46.5328
126.2872
-39.8514
46.3210
128.4668
-19.5551
45.6484
131.1686
-0.8244
44.5076
133.4584
20.3775
45.0264
136.5542
39.6755
42.9790
138.9140
60.0970
43.2341
141.8218
78.6053
42.7129
144.3845
-79.7636
26.8488
124.6701
-61.0882
25.8483
126.4229
-40.7571
24.9226
128.8791
-21.7601
25.3870
130.8363
-1.5411
24.8664
132.9140
19.5950
23.7879
135.3239
38.5835
23.4555
137.6706
58.0022
23.1316
139.8500
78.7527
22.4447
142.0591
-81.5462
7.4347
131.1921
-61.5102
6.3700
132.5498
-41.8898
5.9923
133.9387
-22.0986
5.1355
135.8626
-2.3495
4.8931
137.3248
17.2370
4.2325
139.0918
37.8189
4.3829
140.7858
57.6693
3.0321
142.6333
77.3212
2.9249
144.6512
-82.6209
-8.8337
142.6400
-62.7543
-9.7161
142.7101
-43.7232
-11.2585
144.0603
-23.4189
-12.4478
145.1786
-4.4880
-13.4024
146.1778
16.5649
-14.0427
147.4438
36.2012
-14.5395
148.6538
56.5921
-15.1689
150.1126
76.8542
-15.9058
151.3145
-84.0672
-22.5229
155.4993
-64.4894
-24.6997
156.2990
-44.2817
-26.4152
156.6807
-26.1051
-27.8711
157.3468
-5.9216
-28.7363
157.5423
15.1753
-30.0283
158.9356
35.0659
-31.4515
159.4853
54.2545
-32.4772
160.6847
75.2606
-33.8299
161.9183
-85.5553
-36.6467
170.7764
-66.5629
-38.0926
171.1307
-45.3666
-40.8047
171.5259
-26.2833
-41.7873
171.0374
-6.7208
-43.1668
171.0578
13.0915
-44.7250
171.5074
32.6753
-46.7867
172.7156
52.9762
-48.3313
173.2831
73.9150
-48.9833
173.8863
-87.6996
-51.3014
184.4787
-67.6806
-52.6420
184.8739
-47.7357
-54.1882
184.8634
-27.5367
-56.1645
185.4240
-7.6680
-58.2890
185.6899
11.5261
-59.9825
186.2268
30.7967
-61.6367
186.5933
50.9930
-63.1297
186.9097
71.9863
-64.4786
187.1055
-89.6185
-66.7622
194.8833
-68.6865
-68.9186
197.2922
-49.2730
-69.8711
197.6538
-28.9283
-71.0802
198.3344
-9.3125
-72.9537
198.8615
9.9734
-74.4563
199.5620
30.5340
-76.0188
199.7894
50.4954
-77.3226
199.9778
70.4765
-79.0042
199.9944
