-0.5020
0.4119
1.0000
-0.3722
0.4106
1.0000
-0.2515
0.4083
1.0000
-0.1455
0.4104
1.0000
-0.0278
0.4041
1.0000
0.1130
0.3990
1.0000
0.2223
0.4046
1.0000
0.3474
0.3913
1.0000
0.4565
0.4031
1.0000
-0.4837
0.2924
1.0000
-0.3554
0.2822
1.0000
-0.2463
0.2938
1.0000
-0.1360
0.2983
1.0000
-0.0217
0.2854
1.0000
0.1143
0.2869
1.0000
0.2169
0.2793
1.0000
0.3437
0.2760
1.0000
0.4491
0.2770
1.0000
-0.4784
0.1810
1.0000
-0.3760
0.1759
1.0000
-0.2525
0.1805
1.0000
-0.1498
0.1697
1.0000
-0.0283
0.1671
1.0000
0.1013
0.1686
1.0000
0.2170
0.1623
1.0000
0.3284
0.1636
1.0000
0.4532
0.1536
1.0000
-0.4948
0.0575
1.0000
-0.3762
0.0572
1.0000
-0.2685
0.0562
1.0000
-0.1341
0.0556
1.0000
-0.0235
0.0512
1.0000
0.1011
0.0493
1.0000
0.2218
0.0546
1.0000
0.3375
0.0438
1.0000
0.4678
0.0561
1.0000
-0.5114
-0.0536
1.0000
-0.3866
-0.0580
1.0000
-0.2735
-0.0633
1.0000
-0.1459
-0.0637
1.0000
-0.0146
-0.0699
1.0000
0.0925
-0.0600
1.0000
0.2243
-0.0678
1.0000
0.3504
-0.0568
1.0000
0.4908
-0.0667
1.0000
-0.5383
-0.1747
1.0000
-0.4096
-0.1645
1.0000
-0.2831
-0.1796
1.0000
-0.1648
-0.1913
1.0000
-0.0325
-0.1777
1.0000
0.1079
-0.1927
1.0000
0.2355
-0.1943
1.0000
0.3577
-0.1855
1.0000
0.4998
-0.1977
1.0000
-0.5581
-0.3028
1.0000
-0.4343
-0.3110
1.0000
-0.3015
-0.3227
1.0000
-0.1667
-0.3136
1.0000
-0.0226
-0.3201
1.0000
0.1024
-0.3240
1.0000
0.2300
-0.3180
1.0000
0.3774
-0.3250
1.0000
0.5299
-0.3261
1.0000
-0.6136
-0.4634
1.0000
-0.4628
-0.4562
1.0000
-0.3230
-0.4658
1.0000
-0.1688
-0.4711
1.0000
-0.0545
-0.4747
1.0000
0.1091
-0.4788
1.0000
0.2473
-0.4798
1.0000
0.4012
-0.4837
1.0000
0.5576
-0.4906
1.0000
-0.6453
-0.6098
1.0000
-0.4970
-0.6278
1.0000
-0.3536
-0.6400
1.0000
-0.1989
-0.6423
1.0000
-0.0388
-0.6418
1.0000
0.1004
-0.6452
1.0000
0.2637
-0.6465
1.0000
0.4244
-0.6518
1.0000
0.5796
-0.6620
1.0000
-81.6588
68.9192
164.2231
-62.2381
68.4335
165.5488
-42.6480
68.2038
166.0472
-23.1246
68.8797
166.6346
-3.5046
68.0186
167.6051
17.2953
67.9242
168.1890
37.6112
67.4426
168.8799
58.0050
66.8633
169.4119
77.9683
68.2476
169.6280
-82.0437
49.7847
169.3933
-61.6770
49.6846
169.8667
-42.6359
49.6522
169.9039
-22.1290
49.2479
170.4129
-3.2630
48.3198
170.6739
18.2017
49.1729
171.0564
37.5943
47.3330
171.4722
58.2280
47.7583
171.4608
76.9509
47.4493
171.6725
-82.4643
30.1290
170.7752
-63.6821
29.3988
170.8605
-43.2641
28.6442
170.8841
-24.1873
29.2719
170.9776
-3.7693
28.9481
170.8889
17.4594
28.1374
170.7593
36.5474
27.9864
170.8446
56.1487
27.8774
170.6922
77.1896
27.4520
170.3078
-83.2962
9.8169
168.7325
-63.0940
9.2685
168.3681
-43.5692
9.4591
168.1333
-23.7226
8.9072
167.9476
-3.9347
9.1612
167.5912
15.7724
8.6541
167.4035
36.4356
9.3107
167.1273
56.3326
8.3032
166.3767
76.1462
8.4294
166.3327
-83.3936
-9.2233
163.7290
-63.4127
-8.9241
163.6494
-44.3441
-9.7094
162.9431
-24.0279
-9.9905
162.1382
-4.8993
-10.2987
161.5978
16.0266
-10.1339
161.2821
35.6780
-10.1185
160.8354
56.0124
-10.0829
160.4298
76.5315
-10.2903
159.8077
-83.5650
-27.1305
157.5666
-64.0074
-27.8229
156.4438
-43.7555
-27.8359
155.5221
-25.4359
-28.1860
154.8482
-5.3035
-27.7503
154.2027
15.4947
-28.1789
153.8114
35.6487
-28.4170
152.9873
54.9612
-28.7996
152.3779
76.0065
-29.3593
151.7799
-84.1660
-45.9335
149.0214
-65.3719
-45.7792
148.0559
-43.9879
-46.3261
146.4994
-24.8921
-45.6099
146.2988
-5.0469
-45.5368
145.6318
14.7311
-45.7162
144.9063
34.4646
-46.6137
144.0826
54.8397
-47.0651
143.5009
75.5509
-46.7072
143.5026
-85.3798
-64.6000
140.6791
-65.2697
-64.1658
139.5702
-45.3658
-63.6053
138.3699
-25.1325
-63.9525
137.1666
-5.0126
-64.4095
136.1112
14.1282
-64.7599
135.6494
33.6252
-65.2364
135.2936
53.9562
-65.4076
135.1685
74.9123
-65.6166
135.3464
-86.1781
-82.3794
134.3785
-65.2490
-83.2055
131.7979
-45.6031
-82.4914
130.1409
-25.5569
-81.9717
128.6465
-5.4607
-82.5296
128.0127
13.7513
-83.1919
128.0334
34.3876
-83.2744
128.1646
54.3850
-83.6594
128.5307
74.5213
-84.0514
128.6851
