-0.5172
0.3402
1.0000
-0.3984
0.3519
1.0000
-0.2697
0.3586
1.0000
-0.1503
0.3564
1.0000
-0.0426
0.3521
1.0000
0.0945
0.3568
1.0000
0.2105
0.3563
1.0000
0.3303
0.3508
1.0000
0.4495
0.3682
1.0000
-0.5728
0.2915
1.0000
-0.4250
0.2989
1.0000
-0.2944
0.2934
1.0000
-0.1694
0.2957
1.0000
-0.0330
0.2888
1.0000
0.1035
0.3019
1.0000
0.2415
0.2992
1.0000
0.3762
0.3040
1.0000
0.5014
0.3031
1.0000
-0.6108
0.1850
1.0000
-0.4668
0.1795
1.0000
-0.3267
0.1766
1.0000
-0.1890
0.1804
1.0000
-0.0434
0.1831
1.0000
0.1041
0.1918
1.0000
0.2642
0.2022
1.0000
0.3914
0.2143
1.0000
0.5455
0.2005
1.0000
-0.6210
0.0358
1.0000
-0.4721
0.0281
1.0000
-0.3314
0.0339
1.0000
-0.1883
0.0405
1.0000
-0.0331
0.0484
1.0000
0.1055
0.0527
1.0000
0.2632
0.0638
1.0000
0.4166
0.0730
1.0000
0.5551
0.0600
1.0000
-0.6007
-0.1141
1.0000
-0.4638
-0.1017
1.0000
-0.3219
-0.0959
1.0000
-0.1716
-0.1002
1.0000
-0.0368
-0.0885
1.0000
0.1147
-0.0952
1.0000
0.2629
-0.0858
1.0000
0.4049
-0.0877
1.0000
0.5583
-0.0775
1.0000
-0.5658
-0.2283
1.0000
-0.4235
-0.2138
1.0000
-0.2958
-0.2119
1.0000
-0.1656
-0.2100
1.0000
-0.0229
-0.2112
1.0000
0.1113
-0.2126
1.0000
0.2550
-0.2111
1.0000
0.3823
-0.2110
1.0000
0.5351
-0.2005
1.0000
-0.5076
-0.2854
1.0000
-0.3992
-0.2875
1.0000
-0.2630
-0.2809
1.0000
-0.1437
-0.2837
1.0000
-0.0185
-0.2749
1.0000
0.0980
-0.2748
1.0000
0.2283
-0.2782
1.0000
0.3584
-0.2906
1.0000
0.4814
-0.2769
1.0000
-0.4549
-0.3211
1.0000
-0.3480
-0.3175
1.0000
-0.2418
-0.3239
1.0000
-0.1241
-0.3164
1.0000
-0.0177
-0.3150
1.0000
0.0961
-0.3208
1.0000
0.2118
-0.3120
1.0000
0.3175
-0.3167
1.0000
0.4403
-0.3246
1.0000
-0.4314
-0.3403
1.0000
-0.3180
-0.3326
1.0000
-0.2270
-0.3374
1.0000
-0.1083
-0.3361
1.0000
-0.0225
-0.3338
1.0000
0.0841
-0.3365
1.0000
0.1904
-0.3326
1.0000
0.2915
-0.3321
1.0000
0.4074
-0.3305
1.0000
-84.9369
55.5000
163.2664
-65.3908
55.7332
163.1145
-45.7098
56.5141
162.8501
-26.2979
57.4050
163.7564
-6.8328
57.5437
163.1341
14.1669
57.8605
163.6730
34.4771
58.0885
163.7998
54.7635
58.1378
163.7657
74.7097
59.4431
165.3009
-84.5298
42.2729
148.3818
-64.2142
42.8148
148.6090
-44.9153
43.5899
148.8327
-24.5589
43.8409
148.8171
-5.7170
43.7601
148.5358
15.6895
45.0647
149.4746
35.2765
44.2627
148.6128
55.8444
45.3232
149.0676
74.5067
45.6905
149.2084
-84.0890
24.9300
138.5306
-65.3380
24.8321
138.3969
-44.9420
24.8729
138.3185
-25.7879
26.1908
138.7512
-5.4514
26.7769
138.6591
15.7821
26.7265
138.5816
34.8732
27.2025
138.7941
54.4597
27.8984
138.8237
75.4514
28.3368
138.6480
-84.1890
4.4418
135.0322
-64.0000
4.6938
134.7562
-44.4229
5.5539
134.6860
-24.5916
5.7756
134.7593
-4.8501
6.7098
134.6176
14.8417
6.9590
134.7701
35.4891
8.3595
134.6068
55.3970
8.0144
134.5049
75.2217
8.9352
134.6926
-83.4114
-15.1325
138.3114
-63.4924
-14.1011
138.0428
-44.3559
-14.2510
138.2180
-24.0569
-14.0142
138.0805
-4.9709
-13.5841
137.9572
16.0376
-12.7940
137.7209
35.6280
-12.0431
137.5557
55.9855
-11.4232
137.3614
76.4017
-10.9290
137.1115
-82.9053
-31.9078
147.3452
-63.3218
-32.1515
147.3701
-43.0237
-31.7451
147.2832
-24.7985
-31.6343
147.1002
-4.5335
-30.7733
146.7107
16.4042
-30.3597
146.8536
36.4181
-30.2123
146.4332
55.6817
-29.8411
146.4864
76.8280
-29.6612
146.4875
-82.4823
-46.6337
162.2096
-63.5992
-46.2399
161.7837
-42.2723
-46.5068
162.0442
-23.2549
-45.7067
160.5685
-3.6436
-45.2067
160.0348
16.1307
-45.0107
159.8325
35.9504
-45.1569
160.3171
56.3128
-44.9213
160.0267
77.2067
-43.8804
159.4331
-82.6992
-58.0432
179.2867
-62.7488
-57.5156
178.5771
-42.7486
-57.1509
177.9269
-22.5154
-56.8827
178.0227
-2.5458
-56.6418
178.3793
16.7778
-56.6888
177.8567
36.2493
-56.3777
177.6335
56.5292
-56.0613
177.2767
77.1807
-56.0919
176.1375
-83.0014
-66.1774
196.3553
-61.9300
-66.2335
197.5009
-42.2180
-65.6194
196.7463
-22.1167
-65.2526
196.0073
-2.0022
-65.4338
196.1043
17.1117
-65.1648
195.8688
37.8585
-65.0829
195.2469
57.6452
-64.6934
194.4527
77.9014
-64.6798
194.0911
