-0.6193
0.4992
1.0000
-0.4802
0.4874
1.0000
-0.3287
0.4925
1.0000
-0.1819
0.4907
1.0000
-0.0347
0.4883
1.0000
0.1209
0.4879
1.0000
0.2631
0.4749
1.0000
0.3996
0.4640
1.0000
0.5285
0.4789
1.0000
-0.6312
0.3442
1.0000
-0.4692
0.3570
1.0000
-0.3298
0.3432
1.0000
-0.1736
0.3373
1.0000
-0.0349
0.3467
1.0000
0.1297
0.3546
1.0000
0.2647
0.3426
1.0000
0.4035
0.3423
1.0000
0.5342
0.3331
1.0000
-0.6172
0.1890
1.0000
-0.4779
0.2022
1.0000
-0.3241
0.1796
1.0000
-0.1783
0.2035
1.0000
-0.0220
0.2023
1.0000
0.1166
0.1983
1.0000
0.2546
0.1935
1.0000
0.3893
0.1953
1.0000
0.5463
0.1964
1.0000
-0.5874
0.0633
1.0000
-0.4460
0.0553
1.0000
-0.3103
0.0522
1.0000
-0.1759
0.0454
1.0000
-0.0202
0.0435
1.0000
0.1019
0.0567
1.0000
0.2510
0.0602
1.0000
0.3892
0.0494
1.0000
0.5248
0.0540
1.0000
-0.5553
-0.0722
1.0000
-0.4201
-0.0685
1.0000
-0.2921
-0.0713
1.0000
-0.1592
-0.0681
1.0000
-0.0330
-0.0888
1.0000
0.0991
-0.0751
1.0000
0.2367
-0.0767
1.0000
0.3777
-0.0811
1.0000
0.5146
-0.0653
1.0000
-0.5248
-0.1592
1.0000
-0.3965
-0.1693
1.0000
-0.2636
-0.1680
1.0000
-0.1564
-0.1788
1.0000
-0.0308
-0.1882
1.0000
0.1008
-0.1842
1.0000
0.2287
-0.1819
1.0000
0.3472
-0.1771
1.0000
0.4792
-0.1892
1.0000
-0.4820
-0.2430
1.0000
-0.3741
-0.2548
1.0000
-0.2480
-0.2649
1.0000
-0.1374
-0.2582
1.0000
-0.0361
-0.2608
1.0000
0.0868
-0.2764
1.0000
0.2090
-0.2735
1.0000
0.3263
-0.2905
1.0000
0.4508
-0.2785
1.0000
-0.4567
-0.3167
1.0000
-0.3446
-0.3208
1.0000
-0.2299
-0.3305
1.0000
-0.1340
-0.3365
1.0000
-0.0256
-0.3383
1.0000
0.0780
-0.3516
1.0000
0.1934
-0.3632
1.0000
0.3098
-0.3574
1.0000
0.4331
-0.3627
1.0000
-0.4338
-0.3935
1.0000
-0.3267
-0.3937
1.0000
-0.2274
-0.4054
1.0000
-0.1172
-0.3947
1.0000
-0.0213
-0.4124
1.0000
0.0815
-0.4066
1.0000
0.1955
-0.4211
1.0000
0.2974
-0.4209
1.0000
0.4012
-0.4352
1.0000
-83.2010
66.3179
132.9829
-63.7543
65.9588
133.8143
-44.0882
66.1781
134.5151
-24.6251
67.1813
135.8003
-5.1189
66.7712
136.8984
15.8037
67.0099
138.3776
36.0650
66.9368
139.8873
56.3665
66.7682
141.3166
76.1908
68.5337
142.9992
-82.8764
46.2601
131.4588
-62.5920
46.6020
132.4506
-43.4685
47.0414
133.0708
-22.9934
47.0908
134.1770
-4.1676
46.6117
135.2398
17.2279
47.9145
136.4993
36.6820
46.5609
137.7534
57.2903
47.4197
138.8242
75.9450
47.6014
140.1225
-82.9361
26.4307
133.9879
-64.1821
26.0973
134.7899
-43.7930
25.8540
135.6684
-24.6069
26.9377
136.1450
-4.2756
27.0340
136.8209
16.9295
26.6405
137.6969
36.0137
26.9582
138.6597
55.5874
27.1959
139.4634
76.5332
27.2798
140.2619
-83.5867
7.0428
141.0423
-63.4094
6.6579
140.8636
-43.7749
6.9666
140.9980
-23.9920
6.8149
141.4125
-4.1428
7.2085
141.5908
15.4848
7.1665
142.0187
36.1798
8.0341
142.2431
56.1346
7.3533
142.8409
75.8705
7.8973
143.4748
-83.3737
-10.3369
150.5322
-63.5040
-10.1890
149.6573
-44.3882
-11.0400
149.7402
-24.0070
-11.4367
149.5531
-5.0854
-11.7718
149.2782
15.9673
-11.5390
149.0456
35.7372
-11.3038
149.2039
56.1097
-11.2170
149.2602
76.4964
-11.2090
149.2782
-83.3035
-25.8416
161.5219
-63.6889
-27.1620
161.0096
-43.5580
-27.8150
160.0621
-25.1872
-28.4690
159.6040
-5.0191
-28.3327
158.7544
15.9052
-28.7094
158.5946
35.9966
-29.3640
158.0709
55.2316
-29.6704
158.0443
76.3213
-30.1090
158.0529
-83.4962
-42.4477
173.9805
-64.5600
-43.0371
172.8205
-43.3269
-44.6417
172.0620
-24.1750
-44.4131
170.6983
-4.5561
-44.7665
169.7328
15.3183
-45.4008
168.9706
34.9933
-46.6553
168.7814
55.3572
-47.3040
167.9535
76.2351
-47.0207
167.3526
-84.2609
-59.0872
185.5560
-64.1997
-59.5446
184.6600
-44.2599
-60.0127
183.2210
-23.9922
-61.0611
182.5693
-3.9125
-62.1752
181.8010
15.1961
-62.9060
181.0463
34.6403
-63.7343
180.2313
54.8997
-64.2451
179.2014
75.7679
-64.7116
177.7750
-84.9226
-75.2722
195.0571
-63.8920
-77.0187
195.4141
-44.2117
-77.2810
194.3295
-24.0560
-77.7750
193.2772
-4.2293
-78.7241
192.2935
14.9700
-79.3834
191.7452
35.7255
-80.0265
190.6447
55.7511
-80.4839
189.5372
75.6023
-81.2399
188.1379
