-0.3806
0.2618
1.0000
-0.2869
0.2752
1.0000
-0.2112
0.2983
1.0000
-0.1201
0.3374
1.0000
-0.0167
0.3696
1.0000
0.1098
0.3870
1.0000
0.2309
0.4098
1.0000
0.3511
0.4282
1.0000
0.4773
0.4377
1.0000
-0.4144
0.2028
1.0000
-0.3194
0.2302
1.0000
-0.2391
0.2624
1.0000
-0.1311
0.2789
1.0000
-0.0262
0.3003
1.0000
0.1133
0.3051
1.0000
0.2355
0.3271
1.0000
0.3743
0.3312
1.0000
0.4986
0.3295
1.0000
-0.4465
0.1325
1.0000
-0.3712
0.1637
1.0000
-0.2553
0.1695
1.0000
-0.1553
0.1981
1.0000
-0.0250
0.1949
1.0000
0.1085
0.2003
1.0000
0.2421
0.1990
1.0000
0.3675
0.2074
1.0000
0.5101
0.1939
1.0000
-0.5139
0.0463
1.0000
-0.3947
0.0529
1.0000
-0.2880
0.0815
1.0000
-0.1495
0.0765
1.0000
-0.0255
0.0894
1.0000
0.1130
0.0801
1.0000
0.2569
0.0943
1.0000
0.3804
0.0776
1.0000
0.4931
0.0734
1.0000
-0.5491
-0.0501
1.0000
-0.4225
-0.0492
1.0000
-0.3058
-0.0448
1.0000
-0.1613
-0.0509
1.0000
-0.0293
-0.0511
1.0000
0.1177
-0.0566
1.0000
0.2419
-0.0435
1.0000
0.3710
-0.0506
1.0000
0.4824
-0.0470
1.0000
-0.5750
-0.1789
1.0000
-0.4545
-0.1848
1.0000
-0.3047
-0.1825
1.0000
-0.1660
-0.1905
1.0000
-0.0311
-0.1915
1.0000
0.1136
-0.1891
1.0000
0.2428
-0.1841
1.0000
0.3492
-0.1723
1.0000
0.4541
-0.1716
1.0000
-0.6206
-0.3332
1.0000
-0.4814
-0.3388
1.0000
-0.3250
-0.3392
1.0000
-0.1670
-0.3412
1.0000
-0.0268
-0.3236
1.0000
0.1013
-0.3072
1.0000
0.2119
-0.3033
1.0000
0.3234
-0.2871
1.0000
0.4075
-0.2582
1.0000
-0.6423
-0.5025
1.0000
-0.4748
-0.4892
1.0000
-0.3304
-0.4814
1.0000
-0.1641
-0.4764
1.0000
-0.0227
-0.4583
1.0000
0.0856
-0.4430
1.0000
0.1910
-0.4112
1.0000
0.2766
-0.3697
1.0000
0.3581
-0.3382
1.0000
-0.6507
-0.6425
1.0000
-0.4785
-0.6476
1.0000
-0.3260
-0.6206
1.0000
-0.1719
-0.6090
1.0000
-0.0529
-0.5727
1.0000
0.0507
-0.5207
1.0000
0.1659
-0.4823
1.0000
0.2419
-0.4288
1.0000
0.3084
-0.3884
1.0000
-74.9925
51.7292
201.9926
-56.9626
55.0629
195.2941
-38.6793
58.5413
188.8251
-20.3901
62.3403
183.3394
-2.0390
64.7611
176.8797
18.1860
67.2756
171.6390
38.0294
68.5073
167.4818
57.9531
69.3665
163.8106
77.8346
71.6205
161.8228
-77.5735
38.3709
187.3416
-58.4426
41.7492
181.1751
-40.2811
44.9932
175.4876
-20.8810
47.3517
169.6608
-2.5977
48.6897
164.8443
18.5017
50.9727
161.5220
37.8351
50.3480
158.0446
58.3685
51.4481
155.9900
77.0838
51.4741
155.1281
-79.5535
24.0860
173.5880
-61.8246
26.2236
168.0500
-42.1863
28.0259
162.5801
-23.4343
30.4647
158.9306
-3.3687
31.5590
155.4653
17.6885
31.5448
152.9013
36.8122
31.8347
151.7163
56.4668
31.8550
151.3965
77.4210
31.2679
152.5738
-81.7332
8.1069
160.7725
-62.0745
9.8425
155.7963
-42.9427
11.5234
152.2737
-23.2563
11.9302
149.5334
-3.4955
12.6287
147.9599
16.2577
12.3834
147.2979
36.9432
12.9786
147.6409
56.8008
11.7049
149.5098
76.2958
11.6462
153.6300
-82.4781
-8.2982
149.7032
-62.6909
-6.8250
146.8888
-43.6698
-6.9315
144.4801
-23.3442
-7.0101
143.2022
-4.1822
-7.3276
143.1695
16.8413
-7.3690
144.2811
36.3352
-7.5537
146.8620
56.2778
-7.7911
151.3432
75.5986
-7.9465
157.6039
-82.6546
-25.4973
141.5432
-63.0652
-25.8846
139.6008
-42.7999
-25.9455
139.0182
-24.4826
-26.5429
139.6796
-4.3396
-26.3117
141.0400
16.3477
-26.9710
144.4871
35.8060
-27.5821
149.0738
53.9013
-27.7553
155.7059
73.4765
-27.5871
164.9520
-82.9897
-45.2011
134.8754
-64.0808
-45.2752
135.1564
-42.7569
-46.4548
136.2561
-23.7467
-45.9564
138.4942
-4.2113
-46.1544
141.6418
14.9573
-46.5968
146.6446
33.3159
-47.1957
154.1504
51.9456
-46.6287
163.3274
69.7933
-44.4691
172.7256
-83.8494
-65.3446
131.1561
-63.8289
-65.5328
133.2169
-44.0959
-65.5762
135.7828
-24.0271
-66.4698
139.6898
-4.7961
-67.0749
145.0964
12.7567
-66.7755
152.7062
30.1936
-66.0869
162.2781
47.3029
-63.7100
173.3363
64.9489
-61.7146
182.9367
-84.6727
-84.2294
130.3526
-64.1105
-86.1438
133.7146
-44.4991
-86.0215
137.8689
-25.1932
-86.0891
142.9458
-7.1785
-85.7308
151.7067
9.3869
-84.4081
161.4776
27.4878
-82.4311
172.6033
43.3024
-79.0735
184.2305
59.7748
-76.2911
195.3787
