-0.7104
0.5052
1.0000
-0.5489
0.4958
1.0000
-0.3836
0.5015
1.0000
-0.2072
0.5195
1.0000
-0.0616
0.4976
1.0000
0.1350
0.5121
1.0000
0.3044
0.5132
1.0000
0.4865
0.5141
1.0000
0.6602
0.5261
1.0000
-0.6765
0.3334
1.0000
-0.5139
0.3275
1.0000
-0.3531
0.3326
1.0000
-0.1988
0.3344
1.0000
-0.0448
0.3287
1.0000
0.1289
0.3439
1.0000
0.3024
0.3189
1.0000
0.4697
0.3339
1.0000
0.6207
0.3299
1.0000
-0.6101
0.1714
1.0000
-0.4858
0.1735
1.0000
-0.3354
0.1612
1.0000
-0.1882
0.1745
1.0000
-0.0425
0.1776
1.0000
0.1304
0.1680
1.0000
0.2695
0.1742
1.0000
0.4282
0.1681
1.0000
0.5945
0.1559
1.0000
-0.5722
0.0612
1.0000
-0.4423
0.0466
1.0000
-0.2974
0.0524
1.0000
-0.1705
0.0487
1.0000
-0.0316
0.0435
1.0000
0.0982
0.0513
1.0000
0.2408
0.0397
1.0000
0.3864
0.0425
1.0000
0.5347
0.0513
1.0000
-0.5112
-0.0345
1.0000
-0.3943
-0.0250
1.0000
-0.2800
-0.0545
1.0000
-0.1541
-0.0451
1.0000
-0.0173
-0.0444
1.0000
0.1041
-0.0593
1.0000
0.2397
-0.0564
1.0000
0.3679
-0.0609
1.0000
0.5020
-0.0679
1.0000
-0.4669
-0.1121
1.0000
-0.3564
-0.1193
1.0000
-0.2399
-0.1283
1.0000
-0.1470
-0.1280
1.0000
-0.0322
-0.1311
1.0000
0.1005
-0.1358
1.0000
0.2151
-0.1454
1.0000
0.3221
-0.1422
1.0000
0.4571
-0.1502
1.0000
-0.4422
-0.1995
1.0000
-0.3513
-0.2067
1.0000
-0.2298
-0.2070
1.0000
-0.1257
-0.2150
1.0000
-0.0149
-0.2093
1.0000
0.0874
-0.2214
1.0000
0.1938
-0.2298
1.0000
0.3205
-0.2344
1.0000
0.4345
-0.2274
1.0000
-0.4437
-0.2941
1.0000
-0.3361
-0.2936
1.0000
-0.2359
-0.2959
1.0000
-0.1276
-0.2983
1.0000
-0.0125
-0.3117
1.0000
0.0922
-0.3178
1.0000
0.1855
-0.3160
1.0000
0.3018
-0.3163
1.0000
0.4073
-0.3195
1.0000
-0.4477
-0.3975
1.0000
-0.3264
-0.4019
1.0000
-0.2227
-0.4079
1.0000
-0.1223
-0.3945
1.0000
-0.0197
-0.4002
1.0000
0.0845
-0.4102
1.0000
0.1948
-0.4080
1.0000
0.2951
-0.4141
1.0000
0.3906
-0.4056
1.0000
-84.0115
59.6223
118.3583
-64.5374
59.0387
117.8188
-44.9534
58.8624
116.9002
-25.4394
59.6647
116.2499
-5.7921
58.9156
115.9495
15.1419
58.9777
115.4050
35.4650
58.7156
115.2618
55.7763
58.3686
115.0131
75.7218
60.0239
114.6255
-83.8139
40.4800
124.3618
-63.5564
40.4524
123.7289
-44.4357
40.5954
122.7998
-23.9412
40.3985
122.2651
-5.1083
39.6063
121.9587
16.2911
40.5588
120.6492
35.8312
38.9141
120.7411
56.4001
39.3458
119.6968
75.0415
39.2322
119.1176
-83.7779
23.5414
134.9909
-64.9150
22.9136
134.4049
-44.5233
22.4201
133.8160
-25.4008
22.8606
132.4713
-5.1930
22.5222
131.4641
16.1590
21.8036
130.9484
35.2099
21.7876
130.0876
54.7342
21.5155
129.1952
75.8129
21.1086
128.2219
-83.9063
8.3801
148.9420
-63.8411
7.5336
147.6903
-44.3729
7.3466
146.3460
-24.3278
6.8976
145.7002
-4.5871
6.6658
144.2920
15.0130
6.2754
143.4873
35.5785
6.4910
141.7004
55.5385
5.3299
141.1968
75.1793
5.5520
139.7008
-83.1773
-5.8350
162.5915
-63.3869
-5.8477
160.9676
-44.1169
-6.7532
160.5944
-23.9167
-7.5358
159.3614
-4.8212
-8.1683
158.3976
16.1361
-8.3780
156.9076
35.7343
-8.6565
155.6590
56.0600
-9.0740
154.3790
76.3721
-9.6578
152.9197
-82.6850
-19.8327
175.3614
-63.0460
-21.0027
174.5597
-42.8362
-21.6141
173.3519
-24.5820
-22.3129
172.4081
-4.4914
-22.4628
170.8514
16.4955
-23.0377
170.0217
36.5635
-23.8416
168.6895
55.6363
-24.4834
167.5889
76.6683
-25.3899
166.5262
-82.6480
-37.3285
186.1344
-63.7228
-37.6265
185.2062
-42.5247
-38.9230
184.2867
-23.3689
-38.4436
182.9791
-3.6122
-38.8304
181.7136
16.1620
-39.3865
180.5240
35.8802
-40.6354
179.9569
56.1871
-41.3134
178.7145
76.9051
-41.0964
177.4433
-83.6188
-56.5555
191.6514
-63.4262
-56.6523
191.2650
-43.5727
-56.6786
190.3028
-23.2222
-57.4528
189.8490
-3.1688
-58.3690
189.0227
15.9909
-58.8747
188.4264
35.4599
-59.4200
187.7339
55.7402
-59.6847
186.8717
76.7447
-59.7981
185.7617
-84.3683
-75.0671
191.3883
-63.4020
-77.0127
191.6156
-43.6354
-76.8860
191.6054
-23.5121
-77.0679
191.6689
-3.5093
-77.7917
191.4220
15.7119
-78.1149
191.2706
36.3996
-78.3331
190.7259
56.2985
-78.3041
190.3717
76.5416
-78.7445
189.6748
