-0.5676
0.4685
1.0000
-0.4375
0.4646
1.0000
-0.3001
0.4679
1.0000
-0.1653
0.4742
1.0000
-0.0285
0.4658
1.0000
0.1038
0.4624
1.0000
0.2334
0.4711
1.0000
0.3605
0.4701
1.0000
0.4922
0.4769
1.0000
-0.5746
0.3424
1.0000
-0.4417
0.3465
1.0000
-0.2979
0.3429
1.0000
-0.1666
0.3488
1.0000
-0.0314
0.3421
1.0000
0.1076
0.3501
1.0000
0.2446
0.3351
1.0000
0.3789
0.3313
1.0000
0.5027
0.3451
1.0000
-0.5813
0.2007
1.0000
-0.4433
0.2072
1.0000
-0.3019
0.1999
1.0000
-0.1681
0.2135
1.0000
-0.0379
0.2057
1.0000
0.1181
0.2032
1.0000
0.2409
0.2112
1.0000
0.3680
0.2154
1.0000
0.5093
0.2117
1.0000
-0.5799
0.0525
1.0000
-0.4356
0.0575
1.0000
-0.2983
0.0694
1.0000
-0.1544
0.0663
1.0000
-0.0297
0.0652
1.0000
0.1028
0.0632
1.0000
0.2371
0.0762
1.0000
0.3798
0.0683
1.0000
0.5015
0.0684
1.0000
-0.5664
-0.0723
1.0000
-0.4158
-0.0708
1.0000
-0.2997
-0.0697
1.0000
-0.1576
-0.0609
1.0000
-0.0288
-0.0709
1.0000
0.1090
-0.0643
1.0000
0.2400
-0.0599
1.0000
0.3699
-0.0525
1.0000
0.4926
-0.0476
1.0000
-0.5475
-0.1896
1.0000
-0.4105
-0.1861
1.0000
-0.2806
-0.1927
1.0000
-0.1561
-0.1902
1.0000
-0.0356
-0.1832
1.0000
0.1074
-0.1787
1.0000
0.2376
-0.1848
1.0000
0.3613
-0.1737
1.0000
0.4708
-0.1791
1.0000
-0.5229
-0.3088
1.0000
-0.4048
-0.3012
1.0000
-0.2637
-0.3057
1.0000
-0.1488
-0.2914
1.0000
-0.0359
-0.2916
1.0000
0.0984
-0.2937
1.0000
0.2187
-0.3004
1.0000
0.3457
-0.3034
1.0000
0.4555
-0.2807
1.0000
-0.4993
-0.3929
1.0000
-0.3778
-0.3942
1.0000
-0.2644
-0.3857
1.0000
-0.1378
-0.3969
1.0000
-0.0164
-0.3925
1.0000
0.0855
-0.4017
1.0000
0.2165
-0.3954
1.0000
0.3243
-0.4023
1.0000
0.4559
-0.3928
1.0000
-0.4792
-0.4846
1.0000
-0.3647
-0.4866
1.0000
-0.2540
-0.4816
1.0000
-0.1338
-0.4824
1.0000
-0.0450
-0.4727
1.0000
0.0828
-0.4760
1.0000
0.2065
-0.4871
1.0000
0.3166
-0.4860
1.0000
0.4241
-0.4897
1.0000
-83.8940
69.1365
147.4267
-64.4001
68.7767
148.6834
-44.7891
68.9740
149.3095
-25.3475
70.1388
149.8954
-5.7738
69.9252
149.7452
15.2238
70.4163
150.0778
35.4948
70.4710
150.8801
55.7926
70.4424
151.8666
75.6951
72.3479
153.0617
-83.4134
49.4019
143.9164
-63.1517
49.8088
144.8524
-43.9539
50.3401
145.3308
-23.5592
50.4631
146.0499
-4.6478
50.0256
146.6579
16.7055
51.3951
147.8011
36.2078
50.0943
148.7767
56.7939
51.0757
149.6919
75.4576
51.3499
150.8082
-83.1781
29.4640
142.6084
-64.3998
29.2070
143.2536
-43.9792
29.0137
144.0887
-24.9324
30.2123
144.9348
-4.5917
30.4385
145.7921
16.6600
30.1889
147.0127
35.7655
30.5677
148.1883
55.2665
30.9708
149.1956
76.2681
31.0981
150.0748
-83.5685
8.8683
143.8902
-63.3983
8.8487
144.5480
-43.7866
9.4600
145.2718
-23.9742
9.4654
146.2774
-4.2151
10.1341
147.0494
15.4824
10.2619
148.1394
36.1055
11.3556
148.9314
56.0116
10.8318
149.9093
75.8223
11.5190
151.1176
-83.1564
-10.5865
147.5145
-63.2302
-9.8073
148.1667
-44.1846
-10.1912
148.9438
-23.8601
-10.1571
149.6243
-4.7212
-10.0119
150.5171
16.2428
-9.4651
151.2144
35.8667
-8.9838
152.0211
56.1847
-8.5537
152.8927
76.6647
-8.2470
153.5551
-83.0631
-28.8775
153.1542
-63.4144
-29.3819
153.8941
-43.1771
-29.1789
154.4802
-24.7757
-29.2615
155.1027
-4.7644
-28.5479
155.3459
16.1933
-28.4293
156.2939
36.2812
-28.4954
156.8511
55.4658
-28.5188
157.5181
76.6395
-28.6083
158.3190
-83.3072
-48.3088
160.0677
-64.3721
-47.9186
161.0054
-43.0548
-48.4770
161.7640
-23.9347
-47.4799
161.8839
-4.1569
-47.1859
162.0682
15.6996
-47.2205
162.2515
35.3793
-47.8971
162.9180
55.7138
-47.9679
163.1571
76.5002
-47.0584
163.5877
-83.8834
-67.3713
167.4150
-64.0222
-66.6543
168.6126
-44.0137
-66.0840
169.1449
-23.7987
-66.3372
169.7111
-3.7041
-66.8405
169.8089
15.5440
-67.0205
169.9149
34.9593
-67.1926
169.8906
55.2598
-67.0356
170.1421
76.2517
-66.6512
170.2325
-84.5757
-85.0223
173.9460
-63.6051
-85.8021
176.1244
-43.9278
-85.0456
176.9489
-23.8351
-84.7388
177.2736
-3.8731
-85.1219
177.2703
15.3048
-85.2995
177.3645
36.1195
-85.2164
177.0264
56.0274
-84.9108
177.1336
76.0903
-84.8846
177.0919
