-0.4608
0.3818
1.0000
-0.3548
0.3782
1.0000
-0.2481
0.3877
1.0000
-0.1418
0.3907
1.0000
-0.0298
0.4044
1.0000
0.0874
0.4070
1.0000
0.2139
0.4040
1.0000
0.3365
0.4008
1.0000
0.4498
0.4238
1.0000
-0.4749
0.2716
1.0000
-0.3665
0.2793
1.0000
-0.2620
0.2851
1.0000
-0.1348
0.2787
1.0000
-0.0228
0.2886
1.0000
0.1041
0.3080
1.0000
0.2189
0.3069
1.0000
0.3540
0.3091
1.0000
0.4588
0.3177
1.0000
-0.4967
0.1623
1.0000
-0.3850
0.1760
1.0000
-0.2637
0.1673
1.0000
-0.1582
0.1817
1.0000
-0.0294
0.1814
1.0000
0.0967
0.1932
1.0000
0.2262
0.1878
1.0000
0.3449
0.1896
1.0000
0.4757
0.2052
1.0000
-0.5095
0.0623
1.0000
-0.3908
0.0669
1.0000
-0.2767
0.0637
1.0000
-0.1499
0.0743
1.0000
-0.0293
0.0712
1.0000
0.0810
0.0670
1.0000
0.2278
0.0851
1.0000
0.3652
0.0740
1.0000
0.5000
0.0787
1.0000
-0.5253
-0.0610
1.0000
-0.4164
-0.0650
1.0000
-0.2816
-0.0547
1.0000
-0.1598
-0.0521
1.0000
-0.0285
-0.0546
1.0000
0.0963
-0.0484
1.0000
0.2274
-0.0507
1.0000
0.3675
-0.0461
1.0000
0.5247
-0.0420
1.0000
-0.5340
-0.1833
1.0000
-0.4182
-0.1893
1.0000
-0.2891
-0.1819
1.0000
-0.1786
-0.1866
1.0000
-0.0359
-0.1848
1.0000
0.1021
-0.1834
1.0000
0.2378
-0.1835
1.0000
0.3653
-0.1800
1.0000
0.5303
-0.1789
1.0000
-0.5565
-0.3233
1.0000
-0.4231
-0.3216
1.0000
-0.2865
-0.3264
1.0000
-0.1685
-0.3265
1.0000
-0.0298
-0.3149
1.0000
0.1020
-0.3275
1.0000
0.2438
-0.3263
1.0000
0.3788
-0.3351
1.0000
0.5378
-0.3222
1.0000
-0.5588
-0.4669
1.0000
-0.4353
-0.4610
1.0000
-0.3031
-0.4609
1.0000
-0.1639
-0.4610
1.0000
-0.0143
-0.4665
1.0000
0.1030
-0.4713
1.0000
0.2516
-0.4713
1.0000
0.3906
-0.4721
1.0000
0.5352
-0.4808
1.0000
-0.5697
-0.5951
1.0000
-0.4270
-0.6134
1.0000
-0.2971
-0.5953
1.0000
-0.1758
-0.6051
1.0000
-0.0164
-0.6153
1.0000
0.1058
-0.6081
1.0000
0.2594
-0.6129
1.0000
0.3954
-0.5965
1.0000
0.5314
-0.6061
1.0000
-83.2658
67.8662
178.9695
-63.7637
67.6767
177.8741
-44.2092
68.0501
176.3907
-24.7469
69.2890
175.4942
-5.2188
68.9801
174.1740
15.7075
69.4880
172.9474
35.9296
69.6277
171.7212
56.2250
69.7504
170.3698
76.1588
71.6786
169.5859
-83.0417
48.3232
175.1017
-62.8641
48.8847
173.8462
-43.7046
49.5415
172.4138
-23.3251
49.7894
171.0500
-4.4778
49.4890
169.6303
16.9008
50.9533
168.5901
36.3626
49.8398
166.8983
56.9443
50.9299
165.5646
75.5140
51.2850
164.3467
-83.1115
29.1413
170.0601
-64.4132
29.0295
168.6722
-44.0552
28.9570
167.1742
-24.9697
30.2547
166.1488
-4.6567
30.6415
164.7277
16.5472
30.5328
163.0856
35.5889
30.9728
162.0128
55.1321
31.5148
160.6122
76.0799
31.8544
158.9766
-83.6976
9.3501
164.3069
-63.5258
9.5175
162.8213
-44.0816
10.3243
161.5844
-24.2623
10.3817
160.2898
-4.5128
11.1445
158.9779
15.1664
11.3178
157.8444
35.7677
12.5859
156.5863
55.6153
12.1882
155.0487
75.3767
12.8993
153.9675
-83.4521
-9.5212
158.6048
-63.5571
-8.7181
157.6565
-44.4801
-8.9706
156.3369
-24.1984
-8.7590
154.9198
-5.0823
-8.5764
153.8128
15.8522
-7.8938
152.6090
35.4035
-7.3462
151.5117
55.7566
-6.7531
150.3213
76.1959
-6.3949
148.8995
-83.2586
-28.0325
154.0093
-63.6499
-28.4556
152.8210
-43.4669
-28.0593
151.4971
-25.1131
-28.0787
150.6333
-5.0147
-27.1949
149.5387
15.8279
-27.0671
148.6736
35.9065
-26.9853
147.2069
55.1405
-26.8308
146.1840
76.1885
-26.8376
144.9840
-83.3829
-48.3115
149.7699
-64.5078
-47.9120
149.0028
-43.1733
-48.3730
147.6619
-24.0407
-47.2193
146.9968
-4.2900
-46.6746
146.1406
15.5195
-46.4320
145.0485
35.2414
-46.9734
144.0648
55.5758
-46.8933
143.1550
76.2756
-45.9135
142.4930
-83.9606
-68.6823
147.3247
-63.8260
-68.1312
146.5810
-43.9583
-67.3527
145.5507
-23.6905
-67.5589
144.7210
-3.6216
-67.7109
143.6992
15.5290
-67.6636
143.0386
35.0932
-67.5247
142.5307
55.3332
-67.0608
141.9593
76.3324
-66.5426
141.3967
-84.2777
-87.5789
146.9720
-63.2568
-88.6710
145.9745
-43.6004
-88.0160
144.8364
-23.4554
-87.4771
143.9372
-3.4040
-87.5801
143.3394
15.7612
-87.4203
143.0041
36.4929
-86.9516
142.5838
56.4258
-86.4245
142.3986
76.5305
-86.0829
142.0129
