-0.6711
0.6043
1.0000
-0.4841
0.5626
1.0000
-0.3094
0.5367
1.0000
-0.1540
0.5136
1.0000
-0.0164
0.4620
1.0000
0.0908
0.4165
1.0000
0.1785
0.3612
1.0000
0.2448
0.3301
1.0000
0.3016
0.2953
1.0000
-0.6617
0.4168
1.0000
-0.4647
0.3968
1.0000
-0.2957
0.3935
1.0000
-0.1418
0.3587
1.0000
0.0026
0.3414
1.0000
0.1214
0.3074
1.0000
0.2073
0.2728
1.0000
0.2971
0.2535
1.0000
0.3530
0.2167
1.0000
-0.6537
0.2456
1.0000
-0.4893
0.2232
1.0000
-0.3138
0.2088
1.0000
-0.1599
0.2014
1.0000
-0.0168
0.1927
1.0000
0.1313
0.1866
1.0000
0.2364
0.1630
1.0000
0.3151
0.1519
1.0000
0.3891
0.1355
1.0000
-0.6020
0.0846
1.0000
-0.4494
0.0642
1.0000
-0.3078
0.0623
1.0000
-0.1590
0.0549
1.0000
-0.0162
0.0378
1.0000
0.1217
0.0381
1.0000
0.2534
0.0410
1.0000
0.3616
0.0455
1.0000
0.4352
0.0334
1.0000
-0.5552
-0.0408
1.0000
-0.4310
-0.0550
1.0000
-0.2993
-0.0601
1.0000
-0.1555
-0.0944
1.0000
-0.0213
-0.0924
1.0000
0.1211
-0.1008
1.0000
0.2443
-0.0898
1.0000
0.3586
-0.0873
1.0000
0.4727
-0.0892
1.0000
-0.5170
-0.1052
1.0000
-0.4095
-0.1409
1.0000
-0.2840
-0.1634
1.0000
-0.1678
-0.1971
1.0000
-0.0413
-0.2103
1.0000
0.1122
-0.2166
1.0000
0.2331
-0.2282
1.0000
0.3572
-0.2251
1.0000
0.4695
-0.2231
1.0000
-0.4699
-0.1725
1.0000
-0.3764
-0.2047
1.0000
-0.2611
-0.2472
1.0000
-0.1532
-0.2752
1.0000
-0.0280
-0.2894
1.0000
0.0773
-0.3227
1.0000
0.2038
-0.3315
1.0000
0.3462
-0.3435
1.0000
0.4649
-0.3308
1.0000
-0.4274
-0.2149
1.0000
-0.3459
-0.2575
1.0000
-0.2412
-0.2966
1.0000
-0.1480
-0.3420
1.0000
-0.0451
-0.3619
1.0000
0.0726
-0.3952
1.0000
0.1788
-0.4075
1.0000
0.3004
-0.4361
1.0000
0.4352
-0.4482
1.0000
-0.3902
-0.2658
1.0000
-0.3054
-0.2966
1.0000
-0.2203
-0.3243
1.0000
-0.1311
-0.3556
1.0000
-0.0436
-0.4079
1.0000
0.0603
-0.4355
1.0000
0.1790
-0.4673
1.0000
0.2909
-0.4877
1.0000
0.4026
-0.5018
1.0000
-75.5023
67.6423
112.5091
-56.8195
67.0081
117.9524
-38.3581
66.8959
124.8012
-20.6471
67.2570
133.3591
-3.1623
65.9193
142.3609
13.8481
64.4963
154.4591
29.5439
61.8205
167.2449
44.7878
59.0913
180.2988
58.9351
57.4291
194.5574
-76.4074
47.8633
115.4883
-56.4915
47.6127
119.1263
-37.9270
47.7660
123.7608
-18.5275
47.3162
130.9410
-0.9199
46.4371
137.8166
18.0192
46.8716
148.0361
34.3889
44.1853
158.3986
50.5226
42.6625
171.4619
64.7394
40.4819
183.2486
-78.2241
29.0268
121.8680
-59.4255
27.4957
123.3465
-39.1972
26.4601
126.2445
-20.5255
27.1411
129.9957
-0.8267
26.7900
135.9782
19.1735
26.1592
142.9778
36.2735
25.7602
151.9222
52.9573
24.8549
162.2453
69.9876
23.0664
174.2917
-80.3821
11.3729
132.2944
-60.3642
8.8193
131.2516
-40.7257
7.6220
131.6206
-20.9338
6.6350
133.7398
-1.3338
6.5183
136.9491
17.8143
6.1211
141.8331
37.5403
6.8591
148.2610
55.6636
5.5216
156.6359
72.7736
5.2124
166.6935
-81.1867
-4.0378
144.8210
-61.7229
-7.0236
141.8208
-42.8037
-10.0434
140.7664
-22.5177
-12.0717
140.5775
-3.4207
-13.2682
141.7071
17.4707
-13.6679
144.2245
36.8135
-13.7548
148.1525
56.4631
-13.7113
153.7746
75.4605
-14.0454
161.3400
-81.6642
-17.1005
158.5132
-62.7950
-22.1622
155.4485
-43.1955
-26.1414
152.2908
-25.1794
-29.0752
150.5621
-4.9891
-30.7651
149.3777
15.8831
-32.3621
150.2980
35.8169
-33.5499
151.7106
54.9818
-34.2876
154.8574
75.5467
-34.9035
159.8771
-81.8690
-30.2667
174.6269
-63.9270
-35.0683
170.5358
-43.8476
-41.0306
166.7158
-25.1902
-44.3406
162.7632
-5.9447
-47.4041
160.0587
13.8114
-49.9725
158.9331
33.3981
-52.5120
159.1055
53.8097
-54.0055
159.9193
74.5388
-53.9796
162.1717
-81.9620
-42.0080
191.4217
-63.3466
-47.3477
186.4799
-44.7645
-52.7644
181.7116
-25.6459
-58.4028
177.5840
-6.5369
-63.4962
173.8573
12.2629
-67.0420
171.3824
31.3827
-70.0087
169.6713
51.6977
-72.2958
168.6137
72.5858
-73.6729
168.4842
-81.8155
-52.2132
207.3671
-62.2017
-58.9550
203.7490
-43.9824
-64.4196
198.7561
-25.4527
-70.3673
193.3727
-7.0586
-76.5057
188.8604
11.3105
-81.3530
185.1761
31.4275
-85.3279
181.7425
51.0800
-88.2144
179.4503
70.7868
-90.8038
177.6802
