-0.6714
0.5869
1.0000
-0.4885
0.5404
1.0000
-0.3162
0.5302
1.0000
-0.1639
0.4938
1.0000
-0.0327
0.4601
1.0000
0.0787
0.4312
1.0000
0.1799
0.4119
1.0000
0.2574
0.3546
1.0000
0.3272
0.3388
1.0000
-0.6652
0.3986
1.0000
-0.4684
0.3865
1.0000
-0.3156
0.3705
1.0000
-0.1516
0.3611
1.0000
-0.0268
0.3405
1.0000
0.1050
0.3269
1.0000
0.2050
0.2938
1.0000
0.2927
0.2730
1.0000
0.3656
0.2508
1.0000
-0.6362
0.2133
1.0000
-0.4825
0.2166
1.0000
-0.3165
0.2012
1.0000
-0.1514
0.2081
1.0000
-0.0123
0.2171
1.0000
0.1146
0.1997
1.0000
0.2310
0.1775
1.0000
0.3162
0.1699
1.0000
0.3998
0.1702
1.0000
-0.6182
0.0716
1.0000
-0.4541
0.0570
1.0000
-0.2887
0.0675
1.0000
-0.1534
0.0631
1.0000
-0.0124
0.0633
1.0000
0.1255
0.0643
1.0000
0.2403
0.0731
1.0000
0.3414
0.0638
1.0000
0.4376
0.0600
1.0000
-0.5620
-0.0457
1.0000
-0.4423
-0.0630
1.0000
-0.2992
-0.0823
1.0000
-0.1588
-0.0888
1.0000
-0.0190
-0.0764
1.0000
0.1272
-0.0802
1.0000
0.2417
-0.0747
1.0000
0.3611
-0.0644
1.0000
0.4524
-0.0516
1.0000
-0.5331
-0.1598
1.0000
-0.4220
-0.1790
1.0000
-0.2778
-0.1777
1.0000
-0.1658
-0.1966
1.0000
-0.0214
-0.1989
1.0000
0.1082
-0.2010
1.0000
0.2361
-0.1981
1.0000
0.3488
-0.1856
1.0000
0.4544
-0.1809
1.0000
-0.4834
-0.2297
1.0000
-0.3893
-0.2557
1.0000
-0.2675
-0.2741
1.0000
-0.1522
-0.2939
1.0000
-0.0290
-0.2986
1.0000
0.0926
-0.3076
1.0000
0.2192
-0.3245
1.0000
0.3372
-0.3144
1.0000
0.4555
-0.3004
1.0000
-0.4668
-0.2889
1.0000
-0.3643
-0.3218
1.0000
-0.2536
-0.3474
1.0000
-0.1433
-0.3754
1.0000
-0.0188
-0.3874
1.0000
0.0825
-0.4068
1.0000
0.2022
-0.4061
1.0000
0.3101
-0.4129
1.0000
0.4375
-0.4105
1.0000
-0.4222
-0.3383
1.0000
-0.3222
-0.3644
1.0000
-0.2501
-0.3991
1.0000
-0.1292
-0.4219
1.0000
-0.0451
-0.4452
1.0000
0.0662
-0.4761
1.0000
0.1945
-0.4904
1.0000
0.3022
-0.4957
1.0000
0.4133
-0.4812
1.0000
-77.8292
66.9726
115.8568
-59.3005
66.9439
121.7823
-40.9034
67.4041
128.8203
-23.3020
68.3544
137.4896
-5.6408
67.8382
146.1177
12.6486
67.8170
156.4770
29.6645
66.8087
167.4397
46.2457
65.5329
179.1611
61.7312
65.3844
192.0921
-77.9297
46.9846
117.8734
-58.1387
47.5317
122.5065
-39.7365
48.2173
127.5998
-20.5216
48.4688
135.1716
-2.9886
48.1921
142.2613
16.2133
49.4617
151.7749
33.5974
47.9038
160.7607
50.9825
47.8698
171.9506
66.3877
46.9299
182.3744
-78.8905
27.6738
122.9553
-60.2941
27.1151
125.3498
-40.1225
26.9510
129.4283
-21.6555
28.2908
133.9631
-2.1651
28.7546
140.2770
17.7866
28.7012
147.6129
35.1807
29.0156
155.8933
52.6871
29.2468
164.6065
70.7780
28.7522
174.9091
-80.6386
8.9530
131.2805
-60.5037
7.7699
131.6464
-40.8157
7.7749
133.4363
-21.1852
7.6493
136.8324
-1.7715
8.4081
140.8545
17.1813
8.5742
146.5608
36.7780
9.9618
152.8883
55.2123
9.5977
159.9432
72.9626
10.1170
169.4669
-81.3448
-8.1053
141.5746
-61.4417
-9.2787
140.1422
-42.3654
-10.9189
140.5253
-22.0686
-11.5697
141.8507
-3.0107
-11.7548
144.3916
17.6641
-11.2697
148.1668
36.7654
-10.5494
152.7944
56.2535
-9.9107
158.7810
75.5440
-9.4434
165.7894
-82.0202
-22.9240
153.2042
-62.5684
-26.2476
151.3022
-42.4995
-28.4098
149.6773
-24.1395
-29.8651
149.6339
-3.9512
-29.9972
150.1447
16.7922
-30.3282
152.6687
36.6472
-30.5038
155.4324
55.5542
-30.5109
159.5476
75.9593
-30.3143
165.4254
-82.5428
-38.4650
167.1153
-64.0880
-41.5828
163.9916
-43.2563
-45.4684
161.5259
-24.2319
-46.7754
159.1794
-4.4822
-48.0389
158.5005
15.3660
-49.0298
159.0428
35.0298
-50.1785
160.8847
55.3458
-50.4474
163.3534
75.7989
-49.5765
167.0028
-83.5214
-52.9043
181.4668
-64.1360
-56.3958
177.5889
-44.7477
-59.8232
173.9079
-24.8524
-63.2938
171.2168
-5.1047
-66.2580
169.1440
14.0679
-67.9727
168.4595
33.5043
-69.1818
168.6739
53.8108
-69.7244
169.7336
74.7322
-69.6517
171.5134
-83.9409
-65.5120
195.6637
-63.5770
-70.6701
192.7410
-44.8008
-74.2519
188.6766
-25.4496
-78.0820
184.5265
-6.2104
-81.9927
181.1168
12.8747
-84.5842
179.1459
33.6595
-86.4183
177.8653
53.5924
-87.2575
177.6759
73.4615
-88.0417
178.1005
