-0.3893
0.2407
1.0000
-0.2954
0.2369
1.0000
-0.1991
0.2498
1.0000
-0.1044
0.2499
1.0000
-0.0170
0.2577
1.0000
0.0910
0.2578
1.0000
0.1882
0.2498
1.0000
0.2864
0.2621
1.0000
0.3843
0.2825
1.0000
-0.4094
0.1754
1.0000
-0.3179
0.1676
1.0000
-0.2155
0.1805
1.0000
-0.1159
0.1934
1.0000
-0.0215
0.1956
1.0000
0.0960
0.1969
1.0000
0.2003
0.2099
1.0000
0.3121
0.2019
1.0000
0.3997
0.2169
1.0000
-0.4560
0.1050
1.0000
-0.3528
0.1098
1.0000
-0.2444
0.1081
1.0000
-0.1249
0.1156
1.0000
-0.0303
0.1228
1.0000
0.0980
0.1229
1.0000
0.2063
0.1338
1.0000
0.3212
0.1484
1.0000
0.4330
0.1528
1.0000
-0.4875
0.0352
1.0000
-0.3763
0.0328
1.0000
-0.2686
0.0416
1.0000
-0.1482
0.0466
1.0000
-0.0258
0.0487
1.0000
0.0927
0.0507
1.0000
0.2155
0.0749
1.0000
0.3598
0.0722
1.0000
0.4618
0.0845
1.0000
-0.5273
-0.0512
1.0000
-0.4080
-0.0486
1.0000
-0.2912
-0.0622
1.0000
-0.1621
-0.0457
1.0000
-0.0370
-0.0431
1.0000
0.1055
-0.0260
1.0000
0.2395
-0.0262
1.0000
0.3811
-0.0150
1.0000
0.5069
-0.0146
1.0000
-0.5844
-0.1647
1.0000
-0.4493
-0.1534
1.0000
-0.3135
-0.1588
1.0000
-0.1887
-0.1660
1.0000
-0.0360
-0.1494
1.0000
0.1158
-0.1345
1.0000
0.2614
-0.1348
1.0000
0.4073
-0.1389
1.0000
0.5664
-0.1367
1.0000
-0.6289
-0.3039
1.0000
-0.4866
-0.3032
1.0000
-0.3412
-0.3081
1.0000
-0.1833
-0.3010
1.0000
-0.0337
-0.2923
1.0000
0.1150
-0.2859
1.0000
0.2789
-0.2886
1.0000
0.4357
-0.2910
1.0000
0.6040
-0.2929
1.0000
-0.6725
-0.4828
1.0000
-0.5129
-0.4596
1.0000
-0.3585
-0.4676
1.0000
-0.1979
-0.4784
1.0000
-0.0258
-0.4735
1.0000
0.1179
-0.4739
1.0000
0.2802
-0.4720
1.0000
0.4497
-0.4702
1.0000
0.6407
-0.4551
1.0000
-0.6802
-0.6391
1.0000
-0.5152
-0.6442
1.0000
-0.3582
-0.6437
1.0000
-0.1951
-0.6504
1.0000
-0.0271
-0.6452
1.0000
0.1352
-0.6479
1.0000
0.3026
-0.6442
1.0000
0.4746
-0.6283
1.0000
0.6373
-0.6263
1.0000
-81.8437
50.6660
209.8250
-62.4126
50.5592
208.9827
-42.7317
51.0294
207.9752
-23.2723
52.1222
207.5063
-3.7995
52.1162
206.1215
17.1878
52.7897
205.1934
37.3411
53.1355
204.0048
57.6736
53.4672
202.6650
77.5032
55.3630
202.4480
-82.0574
34.0199
199.1752
-61.7991
34.7398
197.9630
-42.5238
35.8306
196.8255
-22.2583
36.2370
195.3827
-3.3945
36.4974
193.7085
18.0338
38.0554
193.1970
37.4303
37.7260
190.6970
57.9525
39.0195
189.8000
76.6073
39.7845
188.5032
-82.4063
19.3672
185.7141
-63.6797
19.6144
184.1994
-43.5448
20.3008
182.1278
-24.1449
21.8747
181.6484
-4.0317
22.6890
180.1146
17.1001
23.2829
178.1284
36.1711
24.0546
176.8647
55.4537
25.1581
175.2109
76.4589
26.0914
173.7332
-83.5195
5.1780
170.9148
-63.3206
6.0908
168.9557
-43.9405
7.3129
167.8400
-24.1053
8.0166
166.2798
-4.4509
9.1211
164.9451
15.0803
9.8056
163.2992
35.8420
11.3331
162.5589
55.6969
11.7869
160.5649
75.4202
12.7425
159.2771
-83.8215
-8.4488
156.4343
-63.8346
-7.1994
155.5404
-44.8518
-6.8043
153.6844
-24.6251
-6.0359
151.9544
-5.5374
-5.3623
150.6212
15.3391
-4.2653
149.2991
34.7559
-3.2927
148.0027
55.1656
-2.2465
146.8483
75.7140
-1.3215
145.2329
-83.6613
-22.9129
144.2735
-64.1884
-22.7864
142.5089
-43.9885
-21.8322
141.0881
-25.8483
-21.6270
139.6184
-5.7852
-20.2223
138.6016
15.0629
-19.7441
137.3516
35.1536
-18.9545
135.7046
54.4493
-18.3624
134.2794
75.3842
-17.8257
132.6007
-84.0688
-40.5607
133.2367
-65.2607
-39.8670
132.2466
-43.9250
-39.8068
130.4319
-24.8348
-38.3499
129.9093
-5.0461
-37.5138
128.8335
14.6939
-36.8680
127.4236
34.3959
-36.9274
125.8887
54.6645
-36.3967
124.5837
75.3414
-35.0227
123.6811
-84.5671
-60.0383
126.5620
-64.5624
-59.1113
125.4463
-44.7186
-57.9800
124.2483
-24.4208
-57.7448
123.0754
-4.3544
-57.4927
121.7279
14.7829
-57.1133
120.7025
34.3003
-56.6821
119.9339
54.5203
-55.9097
119.2923
75.5228
-55.1028
118.5994
-84.6301
-78.9431
124.9762
-63.6454
-79.5651
123.1019
-44.0761
-78.4458
121.3235
-24.0096
-77.4918
119.7554
-3.9320
-77.2834
118.9423
15.2536
-76.8635
118.8615
35.9489
-76.1384
118.5863
55.8631
-75.3206
118.6169
75.9415
-74.7529
118.2981
