-0.5439
0.4664
1.0000
-0.4242
0.4515
1.0000
-0.2990
0.4545
1.0000
-0.1543
0.4596
1.0000
-0.0392
0.4617
1.0000
0.1000
0.4652
1.0000
0.2267
0.4568
1.0000
0.3615
0.4593
1.0000
0.4822
0.4776
1.0000
-0.5658
0.3441
1.0000
-0.4351
0.3313
1.0000
-0.2904
0.3367
1.0000
-0.1527
0.3390
1.0000
-0.0309
0.3380
1.0000
0.1031
0.3472
1.0000
0.2368
0.3318
1.0000
0.3609
0.3366
1.0000
0.4831
0.3380
1.0000
-0.5588
0.1928
1.0000
-0.4409
0.1959
1.0000
-0.3034
0.1992
1.0000
-0.1763
0.2023
1.0000
-0.0331
0.2126
1.0000
0.1163
0.2053
1.0000
0.2303
0.2067
1.0000
0.3602
0.2094
1.0000
0.4828
0.2007
1.0000
-0.5768
0.0683
1.0000
-0.4407
0.0657
1.0000
-0.2964
0.0604
1.0000
-0.1603
0.0628
1.0000
-0.0306
0.0708
1.0000
0.1009
0.0711
1.0000
0.2376
0.0749
1.0000
0.3671
0.0800
1.0000
0.4861
0.0776
1.0000
-0.5656
-0.0688
1.0000
-0.4220
-0.0646
1.0000
-0.2984
-0.0646
1.0000
-0.1505
-0.0616
1.0000
-0.0283
-0.0589
1.0000
0.1120
-0.0641
1.0000
0.2420
-0.0544
1.0000
0.3652
-0.0468
1.0000
0.4968
-0.0389
1.0000
-0.5526
-0.1977
1.0000
-0.4185
-0.1945
1.0000
-0.2874
-0.1957
1.0000
-0.1645
-0.1892
1.0000
-0.0210
-0.1964
1.0000
0.1133
-0.1871
1.0000
0.2304
-0.1852
1.0000
0.3496
-0.1803
1.0000
0.4729
-0.1708
1.0000
-0.5382
-0.3178
1.0000
-0.4078
-0.3213
1.0000
-0.2760
-0.3170
1.0000
-0.1555
-0.3048
1.0000
-0.0227
-0.2997
1.0000
0.0963
-0.3043
1.0000
0.2215
-0.2870
1.0000
0.3469
-0.2963
1.0000
0.4636
-0.2923
1.0000
-0.5316
-0.4344
1.0000
-0.3958
-0.4357
1.0000
-0.2648
-0.4274
1.0000
-0.1353
-0.4120
1.0000
-0.0207
-0.4154
1.0000
0.0880
-0.4120
1.0000
0.2102
-0.4158
1.0000
0.3279
-0.4060
1.0000
0.4595
-0.4000
1.0000
-0.5260
-0.5316
1.0000
-0.3784
-0.5389
1.0000
-0.2527
-0.5244
1.0000
-0.1434
-0.5218
1.0000
-0.0370
-0.5180
1.0000
0.0876
-0.5052
1.0000
0.2187
-0.5054
1.0000
0.3284
-0.5096
1.0000
0.4498
-0.4973
1.0000
-83.8702
69.9981
150.9868
-64.4438
69.5541
152.9704
-44.9099
69.7798
153.9634
-25.4210
70.8844
154.6658
-5.8749
70.6126
154.4316
15.0332
71.1553
153.7235
35.3489
71.2825
153.6755
55.7008
71.2903
154.4741
75.6183
73.2160
155.6247
-83.5308
50.1006
149.2159
-63.2917
50.3831
150.6505
-44.1061
50.9397
151.3961
-23.7429
51.0030
151.8617
-4.8443
50.7312
151.7812
16.5362
52.1573
151.8270
36.1203
50.8801
152.4808
56.6848
51.8478
153.4072
75.3049
52.1373
154.5819
-83.2623
30.2855
147.2502
-64.5667
30.0150
148.0964
-44.1727
29.7645
148.9730
-25.1141
30.9313
149.5650
-4.7180
31.2265
150.0385
16.5441
30.9394
150.8909
35.6088
31.3184
152.1351
55.1846
31.7855
153.3553
76.0951
31.8847
154.3956
-83.6089
9.6790
146.5536
-63.4086
9.6527
147.0701
-43.8241
10.2062
147.8430
-24.0777
10.2581
148.8031
-4.2644
10.9020
149.8259
15.4453
10.9955
151.2068
36.0147
12.1527
152.4155
55.9037
11.5902
153.6327
75.6628
12.2937
155.2385
-83.1007
-10.1474
147.3504
-63.2063
-9.3208
148.1983
-44.1278
-9.7294
149.2063
-23.7572
-9.6616
150.2650
-4.7030
-9.4254
151.5051
16.2494
-8.8794
152.9057
35.8009
-8.3231
154.2040
56.1476
-7.8499
155.6119
76.5898
-7.5418
156.8208
-82.8432
-28.9968
149.9870
-63.2588
-29.4690
150.9851
-43.0772
-29.2083
152.0651
-24.6733
-29.2748
153.4136
-4.6432
-28.3959
154.3503
16.2415
-28.1978
156.1390
36.3025
-28.2073
157.2204
55.5025
-28.1283
158.4514
76.5582
-28.1674
159.8055
-83.0311
-49.3868
153.7695
-64.1128
-48.9375
155.2615
-42.9239
-49.3706
156.9408
-23.8358
-48.1310
158.0237
-4.0769
-47.6758
158.9679
15.8396
-47.5485
159.8561
35.5178
-48.1326
161.2335
55.8612
-48.0582
162.1587
76.4971
-47.0353
163.4493
-83.7229
-69.2432
158.5144
-63.7080
-68.4367
160.5757
-43.8610
-67.6809
162.1701
-23.6797
-67.7704
163.7501
-3.5791
-68.1051
164.4922
15.5895
-68.1193
165.1149
35.0560
-68.1228
165.9267
55.3395
-67.7651
166.8814
76.2599
-67.2366
167.8145
-84.3462
-87.4529
163.4257
-63.4488
-88.2091
166.1358
-43.8499
-87.3872
167.9022
-23.8022
-86.9344
169.1183
-3.8064
-87.1738
169.7018
15.3475
-87.1213
170.2967
36.1855
-86.8545
170.8797
56.0951
-86.3980
171.8066
76.2164
-86.1793
172.6203
