-0.4938
0.4251
1.0000
-0.3831
0.4206
1.0000
-0.2772
0.4182
1.0000
-0.1445
0.4290
1.0000
-0.0331
0.4237
1.0000
0.1015
0.4235
1.0000
0.2020
0.4009
1.0000
0.3182
0.3855
1.0000
0.4214
0.3948
1.0000
-0.5029
0.3013
1.0000
-0.3898
0.3140
1.0000
-0.2699
0.3073
1.0000
-0.1436
0.3098
1.0000
-0.0269
0.3164
1.0000
0.1046
0.3091
1.0000
0.2239
0.2963
1.0000
0.3336
0.3065
1.0000
0.4266
0.2879
1.0000
-0.5194
0.1899
1.0000
-0.3982
0.1983
1.0000
-0.2734
0.1864
1.0000
-0.1616
0.2057
1.0000
-0.0269
0.1986
1.0000
0.1002
0.1795
1.0000
0.2163
0.1851
1.0000
0.3282
0.1754
1.0000
0.4424
0.1698
1.0000
-0.5243
0.0700
1.0000
-0.4092
0.0655
1.0000
-0.2961
0.0744
1.0000
-0.1500
0.0681
1.0000
-0.0217
0.0734
1.0000
0.1046
0.0745
1.0000
0.2345
0.0703
1.0000
0.3423
0.0688
1.0000
0.4599
0.0658
1.0000
-0.5458
-0.0587
1.0000
-0.4152
-0.0578
1.0000
-0.2891
-0.0635
1.0000
-0.1583
-0.0508
1.0000
-0.0342
-0.0642
1.0000
0.0971
-0.0620
1.0000
0.2241
-0.0570
1.0000
0.3514
-0.0598
1.0000
0.4646
-0.0508
1.0000
-0.5380
-0.1874
1.0000
-0.4238
-0.1876
1.0000
-0.2875
-0.1993
1.0000
-0.1684
-0.1927
1.0000
-0.0285
-0.1764
1.0000
0.0989
-0.1742
1.0000
0.2329
-0.1894
1.0000
0.3547
-0.1821
1.0000
0.4760
-0.1789
1.0000
-0.5635
-0.3319
1.0000
-0.4350
-0.3233
1.0000
-0.2954
-0.3352
1.0000
-0.1559
-0.3270
1.0000
-0.0360
-0.3183
1.0000
0.1149
-0.3243
1.0000
0.2401
-0.3214
1.0000
0.3721
-0.3235
1.0000
0.4905
-0.3233
1.0000
-0.5833
-0.4636
1.0000
-0.4417
-0.4688
1.0000
-0.3098
-0.4612
1.0000
-0.1499
-0.4647
1.0000
-0.0186
-0.4763
1.0000
0.1103
-0.4622
1.0000
0.2372
-0.4725
1.0000
0.3688
-0.4551
1.0000
0.4975
-0.4612
1.0000
-0.5925
-0.6136
1.0000
-0.4572
-0.6360
1.0000
-0.3172
-0.6247
1.0000
-0.1646
-0.6253
1.0000
-0.0189
-0.6177
1.0000
0.1195
-0.6143
1.0000
0.2526
-0.5990
1.0000
0.3812
-0.5908
1.0000
0.5050
-0.5913
1.0000
-83.4037
70.2422
168.5340
-63.9682
70.0121
167.1388
-44.3271
70.2376
165.9640
-24.7979
71.2315
165.9894
-5.2058
70.5783
166.6840
15.7264
70.4421
168.8876
35.8312
69.8858
171.7184
55.9052
69.0740
174.8634
75.5107
70.2052
178.8152
-83.2788
50.5109
164.9379
-62.9554
51.0293
163.6651
-43.7866
51.5159
162.7774
-23.3377
51.4017
162.7588
-4.4355
50.7226
163.5085
16.9172
51.5588
165.7065
36.3094
49.6866
167.9843
56.7499
50.0032
171.1130
75.1522
49.5978
174.1155
-83.2622
30.9453
161.3819
-64.5442
30.7885
160.1249
-44.1259
30.5452
159.3603
-24.9070
31.4781
159.6858
-4.5399
31.3988
160.4916
16.6410
30.7082
162.1263
35.6228
30.5427
164.5657
55.0646
30.3709
167.2905
75.8227
29.8106
170.2402
-83.7237
10.7074
157.8712
-63.5334
10.7266
156.4288
-43.9770
11.3050
155.9324
-24.1166
11.0849
156.2421
-4.3301
11.4254
157.1045
15.3207
11.0516
158.7488
35.9514
11.6681
161.0600
55.6880
10.5926
163.3719
75.2965
10.6378
166.4516
-83.3979
-8.7334
154.2333
-63.4436
-7.9520
153.3705
-44.3234
-8.4152
152.7765
-23.9840
-8.4658
152.8868
-4.8488
-8.6779
153.8812
16.0949
-8.5023
155.5599
35.5488
-8.4806
157.5804
55.8709
-8.5905
160.0421
76.2115
-8.9315
162.6420
-83.1558
-27.4891
151.2372
-63.5283
-27.9586
149.8709
-43.2719
-27.7247
149.3724
-24.9144
-28.0204
149.7328
-4.7567
-27.5073
150.6948
16.0366
-27.8505
152.5854
36.0850
-28.3285
154.3291
55.2429
-28.7516
156.4247
76.1825
-29.3875
158.9186
-83.1900
-47.8921
147.4890
-64.3674
-47.4649
146.5657
-42.9582
-48.0490
145.7897
-23.8628
-47.0935
146.5227
-4.0205
-47.0016
147.6442
15.7527
-47.2334
149.1597
35.3818
-48.3029
150.9355
55.6218
-48.7475
153.0134
76.2694
-48.3541
155.4981
-83.9299
-67.9859
143.9090
-63.8086
-67.5009
143.1201
-43.8680
-66.8554
142.6428
-23.5427
-67.3152
143.1481
-3.4582
-67.7838
144.1356
15.6226
-68.2389
145.9985
35.0300
-68.6370
147.9886
55.1471
-68.6824
150.1225
76.0218
-68.6819
152.3520
-84.4027
-86.5609
141.0539
-63.3825
-87.6687
139.5811
-43.6366
-87.1520
139.2124
-23.5160
-86.8765
139.7185
-3.4656
-87.5163
141.4166
15.5445
-87.9027
143.5224
36.1659
-87.8639
145.6591
55.9796
-87.9481
148.1514
76.0469
-88.2040
150.1504
