-0.5202
0.3684
1.0000
-0.4036
0.3820
1.0000
-0.2723
0.3811
1.0000
-0.1664
0.3952
1.0000
-0.0489
0.3927
1.0000
0.0789
0.3939
1.0000
0.2217
0.3903
1.0000
0.3520
0.3960
1.0000
0.4617
0.4075
1.0000
-0.5601
0.2987
1.0000
-0.4271
0.2935
1.0000
-0.3011
0.3112
1.0000
-0.1651
0.3295
1.0000
-0.0552
0.3061
1.0000
0.0980
0.3222
1.0000
0.2425
0.3157
1.0000
0.3745
0.3309
1.0000
0.4964
0.3284
1.0000
-0.5891
0.1787
1.0000
-0.4692
0.1857
1.0000
-0.3077
0.1840
1.0000
-0.1881
0.1904
1.0000
-0.0432
0.2031
1.0000
0.1117
0.1969
1.0000
0.2382
0.2096
1.0000
0.3805
0.2146
1.0000
0.5527
0.2181
1.0000
-0.6033
0.0448
1.0000
-0.4556
0.0390
1.0000
-0.3203
0.0456
1.0000
-0.1911
0.0449
1.0000
-0.0319
0.0637
1.0000
0.1064
0.0624
1.0000
0.2591
0.0676
1.0000
0.4131
0.0775
1.0000
0.5593
0.0835
1.0000
-0.5785
-0.0982
1.0000
-0.4439
-0.0905
1.0000
-0.3108
-0.0927
1.0000
-0.1747
-0.0737
1.0000
-0.0546
-0.0916
1.0000
0.1067
-0.0695
1.0000
0.2525
-0.0790
1.0000
0.4084
-0.0711
1.0000
0.5572
-0.0690
1.0000
-0.5524
-0.2035
1.0000
-0.4280
-0.2099
1.0000
-0.2941
-0.2026
1.0000
-0.1574
-0.2062
1.0000
-0.0270
-0.2024
1.0000
0.1135
-0.1933
1.0000
0.2522
-0.1957
1.0000
0.3739
-0.2008
1.0000
0.5234
-0.1984
1.0000
-0.5009
-0.2892
1.0000
-0.3902
-0.2934
1.0000
-0.2628
-0.3053
1.0000
-0.1365
-0.2939
1.0000
-0.0153
-0.2900
1.0000
0.1044
-0.2916
1.0000
0.2341
-0.2871
1.0000
0.3625
-0.2782
1.0000
0.4854
-0.2803
1.0000
-0.4592
-0.3545
1.0000
-0.3601
-0.3562
1.0000
-0.2420
-0.3457
1.0000
-0.1207
-0.3452
1.0000
-0.0084
-0.3435
1.0000
0.1096
-0.3560
1.0000
0.2172
-0.3361
1.0000
0.3194
-0.3420
1.0000
0.4507
-0.3399
1.0000
-0.4239
-0.3974
1.0000
-0.3072
-0.3858
1.0000
-0.2204
-0.3986
1.0000
-0.1154
-0.3980
1.0000
-0.0041
-0.3869
1.0000
0.1094
-0.3885
1.0000
0.2003
-0.3861
1.0000
0.3106
-0.3707
1.0000
0.4293
-0.3728
1.0000
-84.9197
61.3536
162.8892
-65.3501
61.3651
162.2410
-45.6208
61.7975
161.7308
-26.2007
62.7900
161.8531
-6.7161
62.6804
160.8438
14.2541
63.0839
160.6779
34.5363
63.2035
160.2048
54.7765
63.2444
159.6493
74.6553
64.7621
160.3588
-84.7969
45.0287
151.4204
-64.4933
45.5821
150.8401
-45.2436
46.4528
150.3007
-24.8902
46.6521
149.6059
-5.9650
46.5938
148.7670
15.3458
47.9343
148.8334
34.9078
47.0322
147.4657
55.5094
48.1153
147.0047
74.1211
48.5385
146.7256
-84.6079
26.4726
144.0313
-65.8853
26.4285
143.2715
-45.5138
26.4643
142.4945
-26.3597
27.8442
142.0278
-6.0685
28.3869
141.2208
15.2149
28.3864
140.2472
34.3014
28.9559
139.8044
53.8358
29.6394
139.0819
74.8590
30.1052
138.1585
-84.7120
5.8494
141.8143
-64.5861
6.0897
140.8392
-45.0366
6.9778
139.9391
-25.2091
7.2023
139.2701
-5.4519
8.1229
138.3817
14.2523
8.4853
137.7124
34.7905
9.9026
136.7850
54.6946
9.6382
135.8720
74.4967
10.5513
135.3649
-83.8660
-13.8124
144.5133
-63.9385
-12.6958
143.6824
-44.8728
-12.8661
143.0271
-24.5375
-12.5712
142.1731
-5.4630
-12.1580
141.3512
15.5169
-11.3240
140.4353
35.0497
-10.5307
139.5621
55.4214
-9.8410
138.6828
75.8850
-9.3064
137.7446
-83.0060
-31.4248
151.8358
-63.3524
-31.6333
151.2381
-43.1677
-31.1366
150.3994
-24.8245
-30.9851
149.8183
-4.7381
-29.9306
148.6735
16.1962
-29.4053
148.2590
36.2447
-29.1437
147.2861
55.4973
-28.8355
146.6315
76.5973
-28.5113
146.0580
-82.2290
-48.7714
163.2827
-63.4370
-48.1234
162.4008
-42.0027
-48.3050
162.0678
-22.9236
-46.9917
160.8488
-3.3208
-46.2009
159.7898
16.5832
-45.7010
159.1895
36.2095
-45.7606
159.0334
56.9844
-45.6088
158.4803
77.4260
-44.0794
157.3155
-82.0538
-63.4551
177.7638
-61.9200
-62.7495
176.5643
-42.0168
-61.7629
175.7185
-21.7768
-61.2765
175.3906
-1.7792
-61.3628
174.5332
17.4869
-60.7451
174.2798
36.9858
-60.0514
173.8516
57.0895
-59.1184
173.4685
77.9337
-58.6488
171.6175
-81.6664
-76.0834
191.6429
-60.6474
-75.8829
192.4766
-41.6369
-75.2189
190.9388
-20.9174
-74.0965
190.5621
-1.1686
-73.9669
189.6658
18.2695
-73.2126
189.6276
39.0243
-72.2404
189.0423
58.8744
-71.1587
188.2014
78.8384
-70.5860
187.4258
