-0.3771
0.2523
1.0000
-0.2973
0.2715
1.0000
-0.2077
0.3108
1.0000
-0.1099
0.3378
1.0000
-0.0120
0.3741
1.0000
0.1022
0.3907
1.0000
0.2437
0.4152
1.0000
0.3474
0.4064
1.0000
0.4667
0.4260
1.0000
-0.4277
0.1919
1.0000
-0.3244
0.2371
1.0000
-0.2290
0.2485
1.0000
-0.1153
0.2870
1.0000
-0.0147
0.3022
1.0000
0.1160
0.3123
1.0000
0.2362
0.3062
1.0000
0.3680
0.3124
1.0000
0.4842
0.3221
1.0000
-0.4732
0.1363
1.0000
-0.3730
0.1563
1.0000
-0.2710
0.1767
1.0000
-0.1457
0.1927
1.0000
-0.0138
0.2062
1.0000
0.1309
0.1971
1.0000
0.2473
0.1988
1.0000
0.3687
0.2019
1.0000
0.4755
0.1881
1.0000
-0.5021
0.0509
1.0000
-0.4014
0.0672
1.0000
-0.2863
0.0708
1.0000
-0.1462
0.0827
1.0000
-0.0008
0.0936
1.0000
0.1217
0.0764
1.0000
0.2481
0.0786
1.0000
0.3755
0.0614
1.0000
0.4533
0.0588
1.0000
-0.5638
-0.0580
1.0000
-0.4199
-0.0464
1.0000
-0.3016
-0.0331
1.0000
-0.1566
-0.0369
1.0000
-0.0180
-0.0497
1.0000
0.1270
-0.0483
1.0000
0.2482
-0.0515
1.0000
0.3645
-0.0545
1.0000
0.4460
-0.0488
1.0000
-0.5933
-0.1802
1.0000
-0.4508
-0.1888
1.0000
-0.3073
-0.1872
1.0000
-0.1683
-0.1855
1.0000
-0.0182
-0.1878
1.0000
0.1150
-0.1867
1.0000
0.2314
-0.1838
1.0000
0.3188
-0.1623
1.0000
0.4009
-0.1625
1.0000
-0.6299
-0.3435
1.0000
-0.4813
-0.3369
1.0000
-0.3180
-0.3383
1.0000
-0.1713
-0.3230
1.0000
-0.0309
-0.3194
1.0000
0.0964
-0.3234
1.0000
0.1975
-0.3005
1.0000
0.2813
-0.2729
1.0000
0.3593
-0.2472
1.0000
-0.6665
-0.5181
1.0000
-0.4963
-0.5149
1.0000
-0.3301
-0.5019
1.0000
-0.1700
-0.4886
1.0000
-0.0272
-0.4581
1.0000
0.0739
-0.4355
1.0000
0.1615
-0.4030
1.0000
0.2314
-0.3430
1.0000
0.2940
-0.3319
1.0000
-0.6849
-0.6734
1.0000
-0.5004
-0.6784
1.0000
-0.3255
-0.6488
1.0000
-0.1849
-0.6087
1.0000
-0.0551
-0.5704
1.0000
0.0449
-0.5199
1.0000
0.1293
-0.4725
1.0000
0.1988
-0.4165
1.0000
0.2510
-0.3867
1.0000
-74.8694
49.4849
200.1897
-56.8253
53.4820
193.6319
-38.6384
57.7968
187.2386
-20.4330
62.1578
181.9790
-2.0369
65.0193
175.8460
18.3955
67.6268
171.3742
38.4431
68.6963
168.3226
58.6319
69.1643
166.1603
78.7135
70.8488
166.0303
-77.1144
36.7253
184.9541
-58.2428
40.9047
178.7617
-40.0104
44.7855
173.3602
-20.5233
47.5435
167.8801
-1.9975
49.0530
163.6602
19.1950
51.1117
161.5122
38.6657
50.1096
159.5725
59.3922
50.8566
159.4288
78.0561
50.2395
161.0860
-79.0534
23.2415
170.4464
-61.1179
26.1129
165.1196
-41.5509
28.2780
159.8390
-22.6759
30.7922
156.7839
-2.3954
31.8602
154.3797
18.8534
31.5228
153.2859
37.9610
31.4039
153.9050
57.5076
30.9845
155.8294
77.7676
29.7844
160.0076
-80.7889
7.9559
156.8252
-61.1125
10.0486
152.0599
-41.9160
12.0530
149.0381
-22.0787
12.3847
147.1952
-2.2487
12.8266
146.9823
17.4870
12.2709
147.9137
38.0720
12.4078
150.5958
57.3148
10.6915
154.9836
75.9456
10.4466
162.7327
-81.3303
-7.8125
144.8622
-61.4144
-6.1188
142.3983
-42.3711
-6.2114
140.7572
-21.9605
-6.4869
140.6856
-2.9427
-7.1275
142.0141
17.9600
-7.5411
145.3610
37.0059
-8.1206
150.4136
55.9976
-8.6486
157.9255
74.1118
-8.8361
167.3989
-81.2201
-24.5251
135.6666
-61.5929
-24.8817
134.4056
-41.3615
-25.0092
134.9410
-23.0922
-25.9341
136.7489
-3.1390
-26.1617
140.1166
16.8594
-27.2036
146.1743
35.3923
-28.0455
152.7675
52.4923
-28.3714
162.6885
69.8526
-27.6926
175.2610
-81.3633
-43.7689
127.8837
-62.5743
-44.0221
128.9378
-41.3107
-45.5688
131.5529
-22.5354
-45.3642
135.4788
-3.5230
-45.8991
140.5292
14.8865
-46.7048
148.2891
31.8568
-47.5143
158.1921
48.6925
-46.6182
170.4461
65.7548
-45.1474
182.5359
-82.1620
-63.7103
123.0991
-62.3130
-64.2039
126.3424
-42.8562
-64.6567
130.5579
-23.3665
-65.9264
136.6535
-4.8263
-66.8660
144.6432
11.6664
-66.9857
154.6290
27.0049
-66.1015
165.4619
42.7107
-63.7788
179.4798
58.8365
-62.3084
191.6753
-83.1481
-82.4978
121.0490
-62.9969
-84.8178
125.9470
-43.9905
-85.1259
131.4964
-25.1850
-85.6153
138.8296
-8.4936
-85.4917
149.9357
6.9716
-84.4959
162.7109
23.0098
-82.4046
175.7966
37.1343
-79.2121
189.6741
51.8757
-76.6947
202.9553
