-0.3584
0.1919
1.0000
-0.2744
0.2292
1.0000
-0.1931
0.2566
1.0000
-0.1030
0.2982
1.0000
-0.0241
0.3306
1.0000
0.0876
0.3598
1.0000
0.2017
0.3859
1.0000
0.3279
0.3999
1.0000
0.4493
0.4449
1.0000
-0.3978
0.1595
1.0000
-0.3153
0.1852
1.0000
-0.2273
0.2213
1.0000
-0.1188
0.2477
1.0000
-0.0258
0.2649
1.0000
0.0956
0.3011
1.0000
0.2240
0.3060
1.0000
0.3533
0.3359
1.0000
0.4794
0.3366
1.0000
-0.4641
0.1096
1.0000
-0.3580
0.1266
1.0000
-0.2703
0.1470
1.0000
-0.1579
0.1887
1.0000
-0.0257
0.1970
1.0000
0.1072
0.2090
1.0000
0.2290
0.2197
1.0000
0.3638
0.2167
1.0000
0.5002
0.2195
1.0000
-0.5114
0.0228
1.0000
-0.3963
0.0518
1.0000
-0.2722
0.0594
1.0000
-0.1513
0.0692
1.0000
-0.0192
0.0938
1.0000
0.1047
0.0930
1.0000
0.2501
0.0975
1.0000
0.3789
0.1010
1.0000
0.5014
0.1010
1.0000
-0.5557
-0.0683
1.0000
-0.4398
-0.0544
1.0000
-0.3041
-0.0535
1.0000
-0.1624
-0.0380
1.0000
-0.0369
-0.0547
1.0000
0.1224
-0.0392
1.0000
0.2548
-0.0315
1.0000
0.3767
-0.0413
1.0000
0.4901
-0.0313
1.0000
-0.5954
-0.2013
1.0000
-0.4503
-0.1913
1.0000
-0.2974
-0.1827
1.0000
-0.1707
-0.1976
1.0000
-0.0301
-0.1814
1.0000
0.1217
-0.1691
1.0000
0.2575
-0.1824
1.0000
0.3627
-0.1626
1.0000
0.4591
-0.1541
1.0000
-0.6352
-0.3469
1.0000
-0.4824
-0.3444
1.0000
-0.3210
-0.3567
1.0000
-0.1704
-0.3400
1.0000
-0.0231
-0.3284
1.0000
0.1165
-0.3184
1.0000
0.2200
-0.3003
1.0000
0.3406
-0.2768
1.0000
0.4145
-0.2437
1.0000
-0.6498
-0.5177
1.0000
-0.4739
-0.5068
1.0000
-0.3186
-0.4937
1.0000
-0.1667
-0.4818
1.0000
-0.0172
-0.4769
1.0000
0.0977
-0.4367
1.0000
0.1956
-0.3986
1.0000
0.2779
-0.3497
1.0000
0.3465
-0.3017
1.0000
-0.6583
-0.6776
1.0000
-0.4903
-0.6678
1.0000
-0.3169
-0.6486
1.0000
-0.1594
-0.6196
1.0000
-0.0396
-0.5637
1.0000
0.0513
-0.5079
1.0000
0.1533
-0.4507
1.0000
0.2236
-0.3989
1.0000
0.2870
-0.3542
1.0000
-75.1136
41.4643
209.3033
-57.4471
46.1284
202.9000
-39.3959
51.2153
196.6372
-21.3683
56.4117
191.3670
-3.2537
60.3714
184.9549
16.8015
64.1141
179.7869
36.4509
66.6741
175.3363
56.2395
69.0755
170.9829
75.7248
72.5557
168.2342
-77.6483
30.3871
192.9570
-58.7584
35.1392
186.9188
-40.8884
39.7599
181.5453
-21.8317
43.7074
175.5430
-3.6497
46.3151
170.6104
17.2792
49.7802
167.1016
36.2775
50.4848
162.6874
56.6414
52.9010
159.7989
75.2321
54.0534
157.8276
-80.0354
18.4231
177.0065
-62.0016
21.5399
171.8394
-42.7786
25.0438
166.1026
-24.1205
28.5070
162.5062
-4.2429
30.7793
158.7797
16.7353
32.0156
155.4043
35.7061
33.3141
153.5408
55.2000
34.2952
152.0138
76.3514
34.6494
151.9530
-81.8190
4.4880
162.1706
-62.2540
7.3482
157.1643
-43.2756
10.0575
153.5836
-23.6746
11.5095
150.6609
-3.9841
13.0825
148.5418
15.6685
13.7409
147.1798
36.3070
15.1963
146.8099
56.2644
14.6048
147.4713
75.9259
14.9569
150.8059
-82.2677
-10.4770
149.1194
-62.5331
-8.1724
146.2570
-43.5746
-7.3654
143.6629
-23.3626
-6.5300
142.0741
-4.2420
-6.1683
141.5141
16.8310
-5.5078
142.0517
36.3752
-5.1764
143.8642
56.4961
-5.0261
147.8042
75.9122
-4.8492
153.8818
-81.9781
-26.7624
139.2832
-62.4460
-26.3860
137.2378
-42.1765
-25.7057
136.4561
-23.8357
-25.7394
136.7272
-3.7287
-25.0006
137.8750
17.0304
-25.0589
140.7608
36.6081
-25.3287
144.9733
54.6746
-25.2154
151.7811
73.9748
-24.4582
161.7115
-81.8020
-45.8913
131.1252
-62.9067
-45.4260
131.3858
-41.5178
-46.0063
132.3257
-22.5262
-45.0435
134.4794
-2.9710
-44.8263
137.3855
16.2367
-44.9393
142.1782
34.4746
-45.0959
150.1760
52.8763
-44.0474
160.1865
70.2832
-40.7462
171.2503
-82.0553
-65.8798
126.4454
-62.0203
-65.5861
128.5306
-42.4098
-65.1946
130.9923
-22.2775
-65.6527
135.1067
-2.9923
-65.7711
140.3247
14.5144
-65.0598
149.2346
30.6972
-63.3729
158.8607
47.0439
-60.2938
170.3814
63.4378
-56.3202
183.0556
-82.4959
-84.7784
125.0616
-61.9234
-86.2273
128.7473
-42.5364
-85.7439
132.6092
-22.9798
-85.2890
138.1329
-5.3394
-84.1096
147.9883
10.1324
-81.1397
159.5033
26.3746
-77.4501
172.0755
41.3526
-72.8553
184.4401
56.0840
-67.9734
197.2344
