-0.4004
0.2784
1.0000
-0.3084
0.2894
1.0000
-0.2095
0.3137
1.0000
-0.1354
0.3176
1.0000
-0.0266
0.3462
1.0000
0.0947
0.3476
1.0000
0.1991
0.3581
1.0000
0.3166
0.3699
1.0000
0.4318
0.3716
1.0000
-0.4355
0.2251
1.0000
-0.3328
0.2354
1.0000
-0.2445
0.2513
1.0000
-0.1280
0.2582
1.0000
-0.0251
0.2644
1.0000
0.0937
0.2855
1.0000
0.2091
0.2898
1.0000
0.3446
0.3017
1.0000
0.4577
0.3115
1.0000
-0.4732
0.1471
1.0000
-0.3749
0.1573
1.0000
-0.2620
0.1760
1.0000
-0.1555
0.1977
1.0000
-0.0295
0.1836
1.0000
0.1017
0.1846
1.0000
0.2262
0.2021
1.0000
0.3468
0.2117
1.0000
0.4939
0.2097
1.0000
-0.4992
0.0619
1.0000
-0.3990
0.0530
1.0000
-0.2800
0.0689
1.0000
-0.1592
0.0720
1.0000
-0.0391
0.0790
1.0000
0.0926
0.0792
1.0000
0.2253
0.1042
1.0000
0.3808
0.1126
1.0000
0.5155
0.1000
1.0000
-0.5305
-0.0549
1.0000
-0.4175
-0.0484
1.0000
-0.2895
-0.0438
1.0000
-0.1707
-0.0506
1.0000
-0.0372
-0.0387
1.0000
0.0981
-0.0387
1.0000
0.2458
-0.0397
1.0000
0.3811
-0.0270
1.0000
0.5286
-0.0266
1.0000
-0.5631
-0.1864
1.0000
-0.4454
-0.1856
1.0000
-0.3099
-0.1866
1.0000
-0.1813
-0.1818
1.0000
-0.0346
-0.1854
1.0000
0.1015
-0.1695
1.0000
0.2492
-0.1717
1.0000
0.3967
-0.1758
1.0000
0.5307
-0.1572
1.0000
-0.5938
-0.3320
1.0000
-0.4484
-0.3223
1.0000
-0.3020
-0.3443
1.0000
-0.1720
-0.3198
1.0000
-0.0261
-0.3141
1.0000
0.1175
-0.3173
1.0000
0.2363
-0.3275
1.0000
0.3798
-0.3135
1.0000
0.5092
-0.2941
1.0000
-0.6055
-0.4782
1.0000
-0.4571
-0.4870
1.0000
-0.3126
-0.4670
1.0000
-0.1691
-0.4682
1.0000
-0.0225
-0.4673
1.0000
0.1125
-0.4695
1.0000
0.2429
-0.4550
1.0000
0.3682
-0.4236
1.0000
0.4791
-0.4092
1.0000
-0.5980
-0.6156
1.0000
-0.4593
-0.6216
1.0000
-0.3104
-0.6201
1.0000
-0.1691
-0.6139
1.0000
-0.0267
-0.5937
1.0000
0.0879
-0.5663
1.0000
0.2165
-0.5447
1.0000
0.3337
-0.5110
1.0000
0.4318
-0.4847
1.0000
-80.3725
55.9434
200.7112
-61.2870
57.3391
196.9980
-41.9987
59.2080
193.3022
-22.8692
61.4678
190.4035
-3.7112
62.4986
186.5096
17.1246
63.9599
183.7443
37.1267
64.6006
181.0823
57.2659
65.3746
178.2710
77.1535
67.5451
176.9644
-81.4953
41.1908
187.4344
-61.5412
42.8789
184.0529
-42.5028
44.7347
180.9491
-22.4873
45.9329
177.5359
-3.8456
46.6422
174.3500
17.4307
48.7412
172.0878
36.5700
48.4496
168.4648
57.0733
50.2048
165.8664
75.5675
51.1786
163.6239
-82.3539
25.7902
174.8620
-64.2567
26.5187
171.6431
-43.7112
27.3780
168.5684
-24.7410
29.2232
166.4575
-4.6000
30.3374
163.6851
16.3887
30.8635
160.6147
35.3618
31.8117
158.4390
54.7945
32.9431
155.8518
75.5145
33.7701
153.0926
-83.5778
8.5210
163.5168
-63.5140
9.3414
160.6258
-44.1730
10.6932
158.3690
-24.4840
11.2422
156.0033
-4.8071
12.4061
153.9083
14.7219
12.9371
151.8160
35.2386
14.5079
149.8391
55.0808
14.4164
147.6005
74.8168
15.3505
146.2068
-83.6345
-8.8399
154.1147
-63.7543
-7.6926
152.3137
-44.7223
-7.5888
150.1883
-24.5149
-7.1239
148.2276
-5.4912
-6.7013
146.6379
15.4294
-5.8321
145.1884
34.9931
-5.1751
143.9029
55.3320
-4.5226
142.9546
75.8311
-4.3363
142.5167
-83.4708
-26.6777
147.3788
-63.8717
-26.8748
145.5892
-43.7317
-26.3572
144.1447
-25.4204
-26.2680
143.1202
-5.3313
-25.3037
142.1022
15.5614
-25.1335
141.5658
35.7084
-25.1753
141.1211
54.9563
-25.1235
141.8176
76.0329
-25.2534
143.5398
-83.5469
-46.7469
141.9393
-64.7130
-46.3342
141.2798
-43.3280
-46.7217
140.2908
-24.2137
-45.5167
140.2157
-4.3673
-45.0112
140.0014
15.4594
-44.8845
140.2442
35.1263
-45.5074
141.7959
55.3255
-45.3294
144.1808
75.8585
-43.9862
147.9568
-84.0212
-67.0374
138.9744
-63.9225
-66.5420
139.1227
-44.0005
-65.8762
139.1045
-23.6553
-66.0491
139.6024
-3.5667
-66.2062
140.4227
15.4665
-66.0860
143.0098
34.5969
-65.6245
146.2663
54.3220
-64.5986
150.5745
74.5267
-63.0359
155.7755
-84.3244
-85.9891
138.8967
-63.3214
-87.1489
139.3911
-43.6346
-86.4643
139.8332
-23.4454
-85.9077
141.0552
-3.8421
-85.7274
144.1857
14.7675
-84.8866
149.1208
34.9189
-83.4200
154.4518
53.7364
-81.5195
160.2018
72.7722
-79.3624
166.5105
