-0.4387
0.3369
1.0000
-0.3394
0.3468
1.0000
-0.2304
0.3503
1.0000
-0.1346
0.3651
1.0000
-0.0146
0.3681
1.0000
0.0987
0.3686
1.0000
0.2039
0.3785
1.0000
0.3132
0.3731
1.0000
0.4163
0.3723
1.0000
-0.4553
0.2682
1.0000
-0.3473
0.2723
1.0000
-0.2536
0.2754
1.0000
-0.1284
0.2886
1.0000
-0.0188
0.2776
1.0000
0.0971
0.2963
1.0000
0.2215
0.2923
1.0000
0.3508
0.2903
1.0000
0.4624
0.2899
1.0000
-0.4891
0.1762
1.0000
-0.3847
0.1678
1.0000
-0.2733
0.1735
1.0000
-0.1482
0.1797
1.0000
-0.0267
0.1885
1.0000
0.1064
0.2003
1.0000
0.2174
0.1982
1.0000
0.3475
0.1993
1.0000
0.4931
0.2038
1.0000
-0.5269
0.0708
1.0000
-0.3995
0.0610
1.0000
-0.2893
0.0809
1.0000
-0.1567
0.0755
1.0000
-0.0289
0.0742
1.0000
0.0966
0.0702
1.0000
0.2266
0.0878
1.0000
0.3738
0.0801
1.0000
0.4953
0.0926
1.0000
-0.5525
-0.0454
1.0000
-0.4096
-0.0479
1.0000
-0.2935
-0.0539
1.0000
-0.1522
-0.0518
1.0000
-0.0344
-0.0511
1.0000
0.1058
-0.0318
1.0000
0.2276
-0.0494
1.0000
0.3795
-0.0510
1.0000
0.5219
-0.0470
1.0000
-0.5636
-0.1705
1.0000
-0.4304
-0.1852
1.0000
-0.3031
-0.1754
1.0000
-0.1695
-0.1670
1.0000
-0.0418
-0.1785
1.0000
0.1075
-0.1737
1.0000
0.2475
-0.1799
1.0000
0.3930
-0.1863
1.0000
0.5399
-0.1839
1.0000
-0.5855
-0.3269
1.0000
-0.4453
-0.3282
1.0000
-0.3065
-0.3209
1.0000
-0.1739
-0.3162
1.0000
-0.0221
-0.3143
1.0000
0.1114
-0.3223
1.0000
0.2413
-0.3248
1.0000
0.3699
-0.3285
1.0000
0.5174
-0.3211
1.0000
-0.5885
-0.4648
1.0000
-0.4500
-0.4639
1.0000
-0.3151
-0.4600
1.0000
-0.1793
-0.4732
1.0000
-0.0338
-0.4683
1.0000
0.1047
-0.4680
1.0000
0.2427
-0.4550
1.0000
0.3691
-0.4506
1.0000
0.4953
-0.4563
1.0000
-0.5926
-0.6005
1.0000
-0.4487
-0.5991
1.0000
-0.3012
-0.6069
1.0000
-0.1662
-0.6099
1.0000
-0.0304
-0.5977
1.0000
0.1015
-0.5869
1.0000
0.2366
-0.5666
1.0000
0.3576
-0.5475
1.0000
0.4685
-0.5306
1.0000
-81.9804
64.3366
187.8315
-62.5890
64.4853
185.8269
-42.9711
65.1791
183.8447
-23.5991
66.3564
182.4474
-4.1532
66.2456
180.4908
16.8315
66.3936
179.7344
37.1891
66.0700
179.3003
57.4629
65.4868
178.7741
77.4580
66.4423
179.5311
-82.4454
47.3237
177.5150
-62.1617
47.8451
175.8548
-43.0087
48.6043
174.2663
-22.6503
48.7904
172.7142
-3.8178
48.5359
171.0527
17.5840
49.7236
170.3694
37.0781
48.4160
168.8249
57.7308
49.0543
168.1710
76.3157
48.9805
167.6673
-82.8236
29.7881
167.9379
-64.1066
29.6872
166.4528
-43.7905
29.4937
164.8744
-24.6299
30.5636
164.0893
-4.3327
30.8684
162.8126
16.8369
30.5823
161.2747
35.9308
30.8196
160.2496
55.4806
31.2286
159.1530
76.4268
31.3004
157.8554
-83.6410
10.9812
159.5868
-63.4282
10.9174
158.1547
-44.0009
11.5779
157.2353
-24.1768
11.4189
156.0709
-4.4538
12.0185
155.0202
15.2662
11.9650
153.9969
35.8736
13.0191
153.0007
55.6934
12.4762
151.5004
75.5035
13.0195
150.5427
-83.6444
-7.7138
152.9174
-63.6816
-7.0672
152.3177
-44.6084
-7.5899
151.1749
-24.3378
-7.6010
150.1107
-5.2255
-7.6126
149.2234
15.7439
-7.1005
148.3693
35.3104
-6.7775
147.5962
55.7108
-6.4429
146.6599
76.1687
-6.4193
145.8653
-83.5103
-26.2261
148.5111
-63.8981
-26.8925
147.5832
-43.6914
-26.7806
146.7675
-25.3640
-27.0550
146.1553
-5.2910
-26.3762
145.4448
15.6355
-26.4435
145.1353
35.6869
-26.7178
144.5075
55.0443
-26.8970
144.3924
76.1081
-27.2872
144.8056
-83.7671
-46.6875
145.0310
-64.8830
-46.5257
144.7093
-43.5580
-47.2753
143.9831
-24.4119
-46.3349
143.8868
-4.5722
-46.1070
143.5916
15.2602
-46.1748
143.4523
34.9254
-47.0332
144.0218
55.3388
-47.2604
145.0146
76.0478
-46.4544
146.7644
-84.4986
-67.1325
143.3429
-64.4082
-66.8588
143.4062
-44.4671
-66.3899
143.1355
-24.1614
-66.8341
143.1476
-4.0638
-67.2563
143.2985
15.0655
-67.4148
144.5464
34.5069
-67.5655
146.3215
54.6374
-67.1704
148.7347
75.3916
-66.5484
151.6527
-85.1181
-86.0106
143.6134
-64.0292
-87.4196
143.6405
-44.3543
-86.9462
143.4864
-24.2106
-86.7494
143.8498
-4.3212
-87.0582
145.6769
14.7203
-86.8589
148.5420
35.2931
-86.3472
151.6685
54.8722
-85.4727
155.2215
74.4837
-84.6655
158.9774
