-0.5858
0.4676
1.0000
-0.4347
0.4506
1.0000
-0.2794
0.4388
1.0000
-0.1673
0.4316
1.0000
-0.0402
0.4194
1.0000
0.0766
0.4087
1.0000
0.1936
0.3968
1.0000
0.3081
0.3716
1.0000
0.3977
0.3659
1.0000
-0.6105
0.3705
1.0000
-0.4490
0.3605
1.0000
-0.2926
0.3448
1.0000
-0.1493
0.3420
1.0000
-0.0201
0.3199
1.0000
0.1078
0.3194
1.0000
0.2245
0.3009
1.0000
0.3413
0.2900
1.0000
0.4401
0.2859
1.0000
-0.6320
0.2408
1.0000
-0.4633
0.2259
1.0000
-0.3001
0.2051
1.0000
-0.1573
0.2088
1.0000
-0.0174
0.2182
1.0000
0.1353
0.2030
1.0000
0.2332
0.1952
1.0000
0.3556
0.1953
1.0000
0.4627
0.1818
1.0000
-0.6342
0.0722
1.0000
-0.4604
0.0603
1.0000
-0.3033
0.0651
1.0000
-0.1528
0.0630
1.0000
-0.0027
0.0621
1.0000
0.1208
0.0612
1.0000
0.2478
0.0640
1.0000
0.3676
0.0669
1.0000
0.4690
0.0546
1.0000
-0.6151
-0.0820
1.0000
-0.4419
-0.0803
1.0000
-0.2961
-0.0755
1.0000
-0.1535
-0.0667
1.0000
-0.0152
-0.0714
1.0000
0.1192
-0.0800
1.0000
0.2420
-0.0655
1.0000
0.3632
-0.0690
1.0000
0.4822
-0.0658
1.0000
-0.5997
-0.2183
1.0000
-0.4405
-0.2127
1.0000
-0.2887
-0.2139
1.0000
-0.1616
-0.2010
1.0000
-0.0160
-0.1959
1.0000
0.1089
-0.1982
1.0000
0.2310
-0.1907
1.0000
0.3519
-0.1873
1.0000
0.4631
-0.1787
1.0000
-0.5792
-0.3194
1.0000
-0.4222
-0.3192
1.0000
-0.2920
-0.3184
1.0000
-0.1582
-0.3031
1.0000
-0.0231
-0.2925
1.0000
0.0951
-0.2948
1.0000
0.2021
-0.2957
1.0000
0.3069
-0.2784
1.0000
0.4377
-0.2744
1.0000
-0.5455
-0.3893
1.0000
-0.4000
-0.3872
1.0000
-0.2748
-0.3822
1.0000
-0.1557
-0.3772
1.0000
-0.0358
-0.3713
1.0000
0.0653
-0.3743
1.0000
0.1723
-0.3726
1.0000
0.2892
-0.3702
1.0000
0.3956
-0.3612
1.0000
-0.5162
-0.4493
1.0000
-0.3825
-0.4346
1.0000
-0.2796
-0.4354
1.0000
-0.1547
-0.4238
1.0000
-0.0475
-0.4231
1.0000
0.0497
-0.4248
1.0000
0.1584
-0.4251
1.0000
0.2649
-0.4215
1.0000
0.3450
-0.4089
1.0000
-82.4620
65.8502
141.2014
-63.4983
65.5453
145.6107
-44.4289
65.7342
150.2393
-25.4491
66.4784
155.2686
-6.4615
66.1651
159.5888
13.8621
66.1909
164.9021
33.5314
65.8716
170.0207
53.1362
65.5941
175.0425
72.2187
66.8229
181.3269
-80.0182
48.4437
131.6660
-60.2679
48.5934
136.6770
-41.5856
48.9114
141.2595
-21.7935
48.9285
146.1823
-3.4873
48.2866
150.4329
17.1869
49.3557
156.3311
36.2420
47.9600
160.4409
56.1881
48.7240
165.8019
74.2204
48.5936
170.4129
-78.4524
29.3221
125.8552
-60.3275
29.0223
130.0700
-40.5127
28.5455
135.1859
-22.0465
29.5580
139.5532
-2.1801
29.6700
144.5996
18.5083
29.1555
149.5147
36.9859
29.3645
154.3382
56.0904
29.5365
159.0188
76.3536
29.5272
163.5851
-78.7604
8.6381
124.5892
-58.9932
8.5157
128.6757
-39.8876
8.9818
133.0382
-20.7310
8.8481
137.5681
-1.3268
9.4085
142.1054
17.8117
9.3078
146.7413
37.9546
10.2144
151.5261
57.2819
9.5053
155.7595
76.6266
10.0471
160.6881
-78.9924
-10.9725
127.4733
-59.5375
-10.3600
131.4996
-40.8647
-10.9055
135.7325
-20.9933
-11.0616
139.8313
-2.4328
-11.0538
143.7990
18.1938
-10.6991
148.3637
37.3863
-10.2693
152.6109
57.3119
-10.0381
156.9874
77.2401
-9.9347
161.2299
-80.4735
-28.6407
134.3945
-61.1409
-29.5329
138.2984
-41.2987
-29.5833
142.0203
-23.2830
-30.0040
145.7174
-3.4803
-29.4172
149.2590
16.5710
-29.5029
153.4062
36.7016
-29.7813
157.4916
55.5396
-29.9901
161.5459
76.2371
-30.3601
166.0245
-82.8229
-46.3377
145.1138
-64.0853
-46.5302
148.3181
-43.2074
-47.6294
151.9895
-24.2826
-47.1004
154.8195
-4.7291
-47.1254
158.1000
14.8545
-47.5254
161.8621
34.0921
-48.4106
165.7693
54.1683
-48.7148
169.4141
74.6970
-48.1331
173.2975
-86.0835
-61.9982
157.8693
-66.1653
-62.3848
160.2524
-46.2576
-62.5224
163.8149
-26.4480
-63.4963
166.7950
-6.6046
-64.3250
170.2880
12.4317
-64.9913
173.6425
31.3081
-65.5571
176.6555
51.8533
-66.0346
180.3584
72.1463
-65.8246
183.3653
-89.2284
-75.3146
170.9315
-68.2799
-77.3387
175.2410
-49.0987
-77.2085
177.8093
-28.7171
-77.6161
180.8850
-9.4113
-78.9177
183.3506
9.6385
-79.7255
186.4044
30.3751
-80.1143
189.7796
49.7901
-80.6177
192.2855
69.6294
-81.1741
195.3646
