-0.7145
0.6056
1.0000
-0.5061
0.5918
1.0000
-0.3234
0.5559
1.0000
-0.1607
0.5312
1.0000
-0.0105
0.5058
1.0000
0.1195
0.4742
1.0000
0.2036
0.4146
1.0000
0.2790
0.3837
1.0000
0.3301
0.3513
1.0000
-0.6891
0.4014
1.0000
-0.4958
0.3903
1.0000
-0.3196
0.3743
1.0000
-0.1440
0.3623
1.0000
0.0045
0.3448
1.0000
0.1356
0.3363
1.0000
0.2404
0.3022
1.0000
0.3182
0.2764
1.0000
0.3788
0.2691
1.0000
-0.6292
0.2275
1.0000
-0.4892
0.2047
1.0000
-0.3149
0.1935
1.0000
-0.1603
0.1937
1.0000
0.0130
0.1874
1.0000
0.1490
0.1764
1.0000
0.2399
0.1703
1.0000
0.3291
0.1642
1.0000
0.4073
0.1564
1.0000
-0.5956
0.0846
1.0000
-0.4593
0.0620
1.0000
-0.3151
0.0489
1.0000
-0.1666
0.0373
1.0000
-0.0047
0.0422
1.0000
0.1315
0.0345
1.0000
0.2540
0.0501
1.0000
0.3558
0.0402
1.0000
0.4279
0.0443
1.0000
-0.5546
-0.0260
1.0000
-0.4305
-0.0485
1.0000
-0.3015
-0.0689
1.0000
-0.1723
-0.0803
1.0000
-0.0373
-0.0926
1.0000
0.1273
-0.0945
1.0000
0.2378
-0.0977
1.0000
0.3603
-0.0805
1.0000
0.4424
-0.0722
1.0000
-0.5119
-0.1018
1.0000
-0.4021
-0.1372
1.0000
-0.2782
-0.1683
1.0000
-0.1690
-0.1988
1.0000
-0.0357
-0.2045
1.0000
0.1014
-0.2054
1.0000
0.2245
-0.2077
1.0000
0.3494
-0.2101
1.0000
0.4425
-0.1928
1.0000
-0.4532
-0.1715
1.0000
-0.3679
-0.2091
1.0000
-0.2644
-0.2379
1.0000
-0.1488
-0.2627
1.0000
-0.0355
-0.2881
1.0000
0.0918
-0.3067
1.0000
0.2038
-0.3112
1.0000
0.3254
-0.3105
1.0000
0.4414
-0.3088
1.0000
-0.4363
-0.2304
1.0000
-0.3430
-0.2560
1.0000
-0.2486
-0.2906
1.0000
-0.1444
-0.3174
1.0000
-0.0427
-0.3624
1.0000
0.0698
-0.3744
1.0000
0.1820
-0.3913
1.0000
0.2914
-0.4067
1.0000
0.4173
-0.4053
1.0000
-0.4132
-0.2639
1.0000
-0.3098
-0.2968
1.0000
-0.2228
-0.3268
1.0000
-0.1286
-0.3566
1.0000
-0.0414
-0.4011
1.0000
0.0631
-0.4306
1.0000
0.1700
-0.4533
1.0000
0.2798
-0.4723
1.0000
0.3826
-0.4845
1.0000
-75.5208
63.2485
105.6995
-56.4393
62.9455
110.0195
-37.5723
63.3635
114.8757
-19.0116
64.7841
121.2327
-1.0163
64.7248
129.3814
16.5671
65.4250
141.0496
31.8377
65.0815
154.4662
46.6269
64.6800
168.3116
60.2709
65.3930
183.0589
-76.8852
44.6985
112.9872
-56.7433
44.2282
115.3244
-37.8323
44.5509
118.5685
-17.9611
44.8296
124.1414
-0.1059
44.6644
129.7632
19.3855
46.4724
138.7587
35.7703
45.5296
150.2416
51.6209
46.2856
163.5205
65.4568
46.2258
175.9558
-78.5987
27.3860
122.8723
-59.8513
25.3789
123.0196
-39.5110
24.2810
125.2073
-20.5957
25.0497
127.9366
-0.6943
25.1620
132.7887
19.5853
25.2635
139.3784
36.7635
26.0731
148.0589
53.2798
26.8717
158.6042
69.9738
26.9988
171.3788
-80.5581
10.8283
134.9281
-60.7556
7.8129
133.1315
-41.0557
6.4434
133.0240
-21.1766
5.3503
134.7723
-1.5456
5.4589
137.4404
17.7248
5.5082
141.6804
37.4983
6.7909
148.0593
55.4681
6.8512
156.2181
72.2029
7.8817
167.7025
-81.3576
-4.0670
147.8946
-61.9395
-7.2534
144.6966
-43.0062
-10.5180
143.5465
-22.6879
-12.6195
143.3192
-3.7040
-13.6377
144.3394
17.3116
-13.8112
147.0181
36.6013
-13.4885
150.9454
56.0779
-12.7336
157.2850
74.6133
-11.9531
166.0768
-81.8784
-17.0724
161.5943
-63.1101
-22.1829
158.5710
-43.3059
-26.1691
155.6354
-25.4661
-29.1380
153.8277
-5.1696
-30.6553
153.0570
15.7816
-31.9955
154.3242
35.8146
-32.8432
156.3350
54.7302
-32.9996
160.1768
74.8415
-32.7607
166.7977
-82.3196
-30.7500
177.4207
-64.3895
-35.3882
173.4176
-44.1288
-41.1789
169.9425
-25.4254
-44.2927
166.3632
-5.9631
-47.1231
164.1639
13.7267
-49.4050
163.2595
33.4022
-51.5351
164.3293
53.7967
-52.5166
165.8962
74.2828
-51.7912
169.5605
-82.9601
-43.3106
193.5206
-64.0946
-48.2275
189.0547
-45.3285
-53.4171
184.4734
-26.1155
-58.6894
180.7508
-6.7187
-63.5106
177.5601
12.0703
-66.7162
175.5644
31.3864
-69.1647
174.3870
51.6362
-70.8496
174.3381
72.6546
-71.5403
175.5234
-83.7397
-54.4851
208.4013
-63.4421
-60.7396
205.6002
-45.0847
-66.0285
200.9410
-26.3410
-71.4147
195.9972
-7.9449
-77.1720
191.6692
10.9160
-81.5788
188.6495
31.2347
-84.9987
185.9911
50.9896
-87.2940
184.5551
70.9267
-89.0624
183.9510
