-0.5313
0.4290
1.0000
-0.4063
0.4326
1.0000
-0.2815
0.4428
1.0000
-0.1557
0.4458
1.0000
-0.0423
0.4408
1.0000
0.0855
0.4350
1.0000
0.2001
0.4248
1.0000
0.3144
0.4150
1.0000
0.4170
0.4053
1.0000
-0.5405
0.3198
1.0000
-0.4081
0.3323
1.0000
-0.2876
0.3272
1.0000
-0.1527
0.3359
1.0000
-0.0262
0.3229
1.0000
0.1091
0.3265
1.0000
0.2194
0.3091
1.0000
0.3282
0.3012
1.0000
0.4370
0.2993
1.0000
-0.5478
0.2022
1.0000
-0.4088
0.2012
1.0000
-0.2874
0.1913
1.0000
-0.1618
0.1952
1.0000
-0.0373
0.2031
1.0000
0.1168
0.1978
1.0000
0.2156
0.1965
1.0000
0.3308
0.1843
1.0000
0.4322
0.1808
1.0000
-0.5484
0.0666
1.0000
-0.4153
0.0667
1.0000
-0.2799
0.0696
1.0000
-0.1535
0.0657
1.0000
-0.0331
0.0723
1.0000
0.0955
0.0750
1.0000
0.2143
0.0758
1.0000
0.3394
0.0734
1.0000
0.4352
0.0677
1.0000
-0.5567
-0.0672
1.0000
-0.4160
-0.0508
1.0000
-0.2930
-0.0624
1.0000
-0.1454
-0.0592
1.0000
-0.0336
-0.0560
1.0000
0.1068
-0.0608
1.0000
0.2264
-0.0408
1.0000
0.3347
-0.0446
1.0000
0.4542
-0.0518
1.0000
-0.5644
-0.1951
1.0000
-0.4247
-0.1857
1.0000
-0.2849
-0.1940
1.0000
-0.1663
-0.1868
1.0000
-0.0217
-0.1799
1.0000
0.1041
-0.1762
1.0000
0.2315
-0.1705
1.0000
0.3456
-0.1709
1.0000
0.4588
-0.1660
1.0000
-0.5662
-0.3430
1.0000
-0.4338
-0.3296
1.0000
-0.2834
-0.3356
1.0000
-0.1529
-0.3278
1.0000
-0.0248
-0.3113
1.0000
0.1169
-0.3196
1.0000
0.2305
-0.3041
1.0000
0.3531
-0.3017
1.0000
0.4661
-0.2972
1.0000
-0.5842
-0.4856
1.0000
-0.4370
-0.4816
1.0000
-0.2937
-0.4713
1.0000
-0.1496
-0.4620
1.0000
-0.0175
-0.4631
1.0000
0.1067
-0.4549
1.0000
0.2309
-0.4464
1.0000
0.3577
-0.4359
1.0000
0.4627
-0.4265
1.0000
-0.5867
-0.6235
1.0000
-0.4396
-0.6291
1.0000
-0.3027
-0.6125
1.0000
-0.1485
-0.6088
1.0000
-0.0112
-0.6121
1.0000
0.1109
-0.5898
1.0000
0.2453
-0.5716
1.0000
0.3619
-0.5712
1.0000
0.4676
-0.5439
1.0000
-84.2117
70.3720
159.1307
-64.6889
70.1944
159.0384
-45.0342
70.4341
158.9872
-25.5689
71.5769
159.9792
-6.0299
71.0324
161.6013
14.8259
71.2055
164.3825
34.7996
71.0553
167.8271
54.7648
70.5923
171.9446
74.2069
72.1306
176.4728
-83.8632
50.4633
156.6571
-63.4817
50.9824
156.8325
-44.2722
51.5319
157.0266
-23.8702
51.6189
158.0618
-5.0597
51.0479
159.6644
16.2383
52.2444
162.4700
35.4791
50.6453
165.7554
55.7681
51.3477
169.7809
74.0162
51.1421
173.8720
-83.5301
30.7470
154.4400
-64.7795
30.5438
154.5622
-44.3263
30.3512
155.0693
-25.2341
31.4259
156.1941
-4.9036
31.6400
157.8536
16.1748
31.1477
160.4689
35.0605
31.2438
163.7230
54.3163
31.4029
167.5264
74.8359
31.1034
171.8695
-83.7430
10.2458
152.2109
-63.5351
10.3293
152.2975
-43.9653
10.9747
152.9118
-24.1673
10.9370
154.1332
-4.4592
11.5066
155.8462
15.1133
11.3592
158.2770
35.5768
12.2375
161.5470
55.1833
11.3664
165.2018
74.4370
11.6917
169.9617
-83.2010
-9.3369
149.9585
-63.2110
-8.5141
150.5009
-44.0794
-8.9239
151.0896
-23.7916
-8.8412
152.0356
-4.7358
-8.7834
153.6458
16.1470
-8.3658
156.2292
35.4841
-8.1030
159.3149
55.5522
-7.9720
163.3852
75.5370
-8.1963
167.9431
-82.7161
-28.2801
148.2114
-63.0052
-28.7669
148.4841
-42.8423
-28.4409
149.1052
-24.5095
-28.5443
150.1480
-4.4359
-27.7938
151.6703
16.3253
-27.8678
154.4311
36.2634
-28.0568
157.3138
55.1619
-28.3486
161.0799
75.6921
-28.8799
166.0455
-82.5486
-48.8712
145.9203
-63.7303
-48.4770
146.6216
-42.3107
-49.0044
147.1118
-23.2377
-47.8467
148.2799
-3.4950
-47.3790
149.8312
16.2995
-47.4014
151.9835
35.7937
-48.2410
155.0976
55.7768
-48.4740
159.1252
75.8863
-47.9566
164.1905
-82.9468
-69.1385
143.7399
-62.8937
-68.6780
144.7673
-43.0019
-67.9508
145.4638
-22.7205
-68.1924
146.3822
-2.6307
-68.3765
147.5516
16.4326
-68.4983
149.8394
35.7449
-68.6994
152.8777
55.5983
-68.5635
157.0450
75.9868
-68.4482
162.0398
-83.2562
-87.9048
141.9378
-62.2687
-89.0480
142.7013
-42.5396
-88.4084
143.4575
-22.3903
-87.9421
144.1803
-2.3542
-88.1494
145.5179
16.6843
-88.1230
147.8279
37.1978
-87.8732
150.9880
56.6773
-87.7755
155.3457
76.3140
-87.9913
160.2854
