-0.3587
0.1843
1.0000
-0.2867
0.2208
1.0000
-0.2008
0.2583
1.0000
-0.1231
0.2808
1.0000
-0.0225
0.3116
1.0000
0.0857
0.3278
1.0000
0.1983
0.3653
1.0000
0.3061
0.3824
1.0000
0.4268
0.4084
1.0000
-0.4083
0.1551
1.0000
-0.3171
0.1809
1.0000
-0.2353
0.2039
1.0000
-0.1196
0.2360
1.0000
-0.0333
0.2561
1.0000
0.0979
0.2952
1.0000
0.2036
0.2964
1.0000
0.3303
0.3249
1.0000
0.4542
0.3314
1.0000
-0.4553
0.1034
1.0000
-0.3489
0.1238
1.0000
-0.2510
0.1471
1.0000
-0.1441
0.1558
1.0000
-0.0342
0.1841
1.0000
0.0920
0.1974
1.0000
0.2216
0.2180
1.0000
0.3418
0.2151
1.0000
0.4918
0.2489
1.0000
-0.5088
0.0227
1.0000
-0.3942
0.0362
1.0000
-0.2727
0.0620
1.0000
-0.1540
0.0676
1.0000
-0.0372
0.0925
1.0000
0.1010
0.0854
1.0000
0.2286
0.1227
1.0000
0.3758
0.1107
1.0000
0.5026
0.1182
1.0000
-0.5485
-0.0712
1.0000
-0.4250
-0.0508
1.0000
-0.3045
-0.0522
1.0000
-0.1742
-0.0506
1.0000
-0.0406
-0.0413
1.0000
0.1145
-0.0281
1.0000
0.2546
-0.0276
1.0000
0.3869
-0.0171
1.0000
0.5212
-0.0219
1.0000
-0.5852
-0.1970
1.0000
-0.4526
-0.1908
1.0000
-0.3171
-0.1857
1.0000
-0.1741
-0.1831
1.0000
-0.0376
-0.1718
1.0000
0.1156
-0.1614
1.0000
0.2628
-0.1689
1.0000
0.3794
-0.1656
1.0000
0.4896
-0.1550
1.0000
-0.6086
-0.3457
1.0000
-0.4799
-0.3340
1.0000
-0.3183
-0.3462
1.0000
-0.1729
-0.3327
1.0000
-0.0182
-0.3140
1.0000
0.1209
-0.3154
1.0000
0.2473
-0.2987
1.0000
0.3630
-0.2884
1.0000
0.4676
-0.2598
1.0000
-0.6380
-0.5134
1.0000
-0.4861
-0.5028
1.0000
-0.3276
-0.4987
1.0000
-0.1702
-0.4912
1.0000
-0.0385
-0.4760
1.0000
0.1075
-0.4536
1.0000
0.2312
-0.4202
1.0000
0.3314
-0.3959
1.0000
0.4130
-0.3531
1.0000
-0.6555
-0.6743
1.0000
-0.4799
-0.6718
1.0000
-0.3208
-0.6570
1.0000
-0.1635
-0.6240
1.0000
-0.0247
-0.5949
1.0000
0.0926
-0.5626
1.0000
0.1935
-0.5080
1.0000
0.2791
-0.4333
1.0000
0.3532
-0.3973
1.0000
-77.1660
41.3830
212.5493
-59.0444
45.4884
206.8572
-40.7943
50.2520
201.1638
-22.7550
54.9101
196.2578
-4.1783
58.7882
190.6762
16.0139
62.5675
185.7497
35.6141
65.2705
181.4873
55.3522
67.8415
177.1412
74.8097
71.7335
174.3335
-79.1571
29.9935
196.3789
-60.0598
34.3857
190.8748
-42.0606
38.7946
185.9241
-22.6044
42.3680
180.6751
-4.5437
45.0987
175.8788
16.3755
48.8133
172.5018
35.3039
49.9512
167.8297
55.5040
52.8857
164.4320
73.9190
54.7385
161.6859
-80.7532
17.5862
180.8826
-63.1068
21.2814
175.7791
-43.6061
24.0892
170.5126
-24.9833
27.5955
167.1342
-5.1406
30.1058
163.3810
15.7119
31.8191
159.6606
34.5856
33.6608
157.1606
53.9549
35.3808
154.6950
74.8280
36.5090
152.6973
-82.7367
3.7277
165.5602
-63.0750
6.5067
161.1096
-44.0643
9.3750
157.7466
-24.5079
11.1341
154.4486
-4.9409
13.1955
152.0200
14.6391
14.4320
149.8935
35.1466
16.4158
148.4476
55.0706
16.4918
147.3706
74.9483
17.3828
148.2298
-82.9703
-11.1864
152.6109
-63.2425
-8.6217
149.9462
-44.4216
-7.5873
146.9577
-24.1976
-6.2878
144.8551
-5.1720
-5.4361
143.4215
15.8440
-4.1993
142.8138
35.4536
-3.4067
142.9900
55.8697
-2.8912
144.4541
76.0797
-2.6614
147.5749
-82.6212
-27.2278
142.4834
-63.1266
-26.5359
140.1976
-42.9733
-25.4179
138.7091
-24.5701
-25.0301
138.1432
-4.4928
-23.8034
138.0511
16.4010
-23.5209
139.1975
36.4172
-23.4795
141.1901
55.3286
-23.4543
145.3512
75.6027
-23.3162
152.0116
-82.3304
-46.1194
133.7999
-63.4677
-45.2497
133.2749
-42.0573
-45.3651
133.0471
-23.0061
-44.0078
134.1420
-3.1729
-43.5062
135.6226
16.4414
-43.2989
138.2471
35.4585
-43.8531
143.3389
54.7499
-43.2775
150.4255
73.6460
-40.9542
159.0083
-82.4923
-65.7603
127.9262
-62.3315
-65.1306
129.1446
-42.4860
-64.3805
130.5215
-22.2034
-64.5217
132.6892
-2.4410
-64.7200
136.5323
15.9311
-64.2835
142.2906
33.7353
-63.3717
150.0386
51.8612
-62.4072
160.3273
69.7145
-58.0335
170.4156
-82.4463
-84.6196
125.6810
-61.4373
-85.6648
127.9241
-42.0516
-85.0250
130.1825
-22.0722
-84.4832
134.0320
-3.5714
-83.9458
141.0483
13.7145
-82.5625
150.0089
31.7422
-80.5312
160.4746
48.0451
-75.9210
171.6240
64.5959
-72.4522
182.4270
