-0.5098
0.3592
1.0000
-0.4195
0.3797
1.0000
-0.3155
0.4079
1.0000
-0.2052
0.4270
1.0000
-0.0787
0.4466
1.0000
0.0495
0.4688
1.0000
0.1914
0.4695
1.0000
0.3162
0.4875
1.0000
0.4366
0.5026
1.0000
-0.5142
0.2537
1.0000
-0.4055
0.2674
1.0000
-0.3027
0.3072
1.0000
-0.1832
0.3104
1.0000
-0.0689
0.3294
1.0000
0.0743
0.3493
1.0000
0.1991
0.3463
1.0000
0.3375
0.3652
1.0000
0.4473
0.3684
1.0000
-0.5030
0.1298
1.0000
-0.4136
0.1511
1.0000
-0.3064
0.1727
1.0000
-0.1814
0.1923
1.0000
-0.0561
0.1998
1.0000
0.0824
0.2169
1.0000
0.2105
0.2254
1.0000
0.3352
0.2402
1.0000
0.4627
0.2514
1.0000
-0.5206
0.0162
1.0000
-0.4077
0.0351
1.0000
-0.2875
0.0430
1.0000
-0.1660
0.0731
1.0000
-0.0378
0.0721
1.0000
0.0862
0.0865
1.0000
0.2171
0.0999
1.0000
0.3407
0.1018
1.0000
0.4706
0.1140
1.0000
-0.5244
-0.0971
1.0000
-0.4066
-0.0782
1.0000
-0.2911
-0.0790
1.0000
-0.1525
-0.0721
1.0000
-0.0430
-0.0612
1.0000
0.1005
-0.0494
1.0000
0.2285
-0.0379
1.0000
0.3612
-0.0097
1.0000
0.4776
0.0101
1.0000
-0.5240
-0.2261
1.0000
-0.3999
-0.2173
1.0000
-0.2756
-0.2108
1.0000
-0.1548
-0.1981
1.0000
-0.0195
-0.1726
1.0000
0.1178
-0.1733
1.0000
0.2514
-0.1565
1.0000
0.3591
-0.1456
1.0000
0.4775
-0.1337
1.0000
-0.5079
-0.3666
1.0000
-0.4012
-0.3541
1.0000
-0.2653
-0.3509
1.0000
-0.1358
-0.3306
1.0000
-0.0045
-0.3128
1.0000
0.1255
-0.3035
1.0000
0.2454
-0.2833
1.0000
0.3706
-0.2671
1.0000
0.4822
-0.2547
1.0000
-0.5168
-0.5033
1.0000
-0.3971
-0.4886
1.0000
-0.2634
-0.4797
1.0000
-0.1211
-0.4742
1.0000
0.0019
-0.4547
1.0000
0.1421
-0.4371
1.0000
0.2624
-0.4245
1.0000
0.3734
-0.4002
1.0000
0.4819
-0.3665
1.0000
-0.5194
-0.6292
1.0000
-0.3879
-0.6366
1.0000
-0.2552
-0.6318
1.0000
-0.1045
-0.6076
1.0000
0.0231
-0.5898
1.0000
0.1407
-0.5621
1.0000
0.2779
-0.5290
1.0000
0.3902
-0.5010
1.0000
0.4894
-0.4834
1.0000
-88.6953
62.5116
172.7864
-69.8019
64.2373
168.2128
-50.8031
66.4761
163.7567
-31.7412
69.4545
160.5639
-12.3304
70.8154
158.0824
8.4771
72.9504
156.6439
28.7733
74.5910
156.0217
49.0758
76.1402
156.2982
68.7925
79.5624
157.4501
-86.9935
42.8599
169.6896
-67.3740
45.3483
164.9118
-48.7499
47.7381
160.8687
-28.6547
49.7311
157.7812
-9.8229
50.9763
155.9539
11.4082
54.0786
155.0537
30.9885
54.3226
155.0136
51.5023
56.8487
155.5698
70.1017
58.5206
157.2964
-85.4656
23.1735
166.6878
-67.3761
24.9431
161.9596
-47.3504
26.7232
158.2614
-28.5092
29.5996
155.8972
-8.2054
31.6025
154.3640
12.9774
32.9747
153.8537
32.0829
34.8547
154.3767
51.5319
36.6843
155.5043
72.3377
38.4609
157.7849
-84.3788
2.9185
163.5780
-64.8855
5.0211
158.6617
-45.6264
7.4418
155.5291
-25.8451
9.1338
153.7478
-6.2226
11.4375
152.7897
13.4979
13.0742
152.9788
33.9574
15.7567
153.8108
53.8798
16.7103
155.4946
73.3438
18.9449
158.7582
-82.6385
-16.3176
159.7189
-63.1396
-13.6519
156.0112
-44.2526
-12.3160
153.5572
-24.0221
-10.5998
151.9778
-4.9176
-8.8825
151.6554
15.9705
-6.6210
152.2969
35.4503
-4.6724
153.7939
55.5979
-2.6702
156.3756
75.5938
-0.8700
160.3898
-80.9169
-35.1032
156.9020
-61.5061
-33.7124
153.5675
-41.5102
-31.7414
151.5059
-23.1911
-30.2839
150.7517
-3.1521
-27.8966
150.7789
17.6503
-26.1896
152.4070
37.5953
-24.6333
154.2475
56.6559
-23.1140
157.4745
77.1479
-21.5514
162.0766
-79.4053
-55.5593
153.9734
-60.7765
-53.5567
151.6586
-39.4583
-52.3080
149.8639
-20.4562
-49.5065
149.7457
-0.7262
-47.5101
150.5374
19.0852
-45.8026
152.1355
38.5709
-44.8647
154.8828
58.5518
-43.3006
158.6935
78.6335
-40.6257
163.4876
-78.4108
-75.8326
151.6255
-58.4229
-73.6488
149.8674
-38.6109
-71.2513
148.7205
-18.2712
-69.8546
149.0101
1.7256
-68.4904
150.2441
20.6892
-66.9622
152.7195
39.9189
-65.3933
156.0046
59.6662
-63.3264
160.1618
79.9667
-61.0854
165.0294
-77.2080
-94.5552
150.0020
-56.1786
-94.0113
148.1752
-36.5724
-91.6971
147.6913
-16.5053
-89.6855
148.4492
3.4328
-88.2606
150.5811
22.3067
-86.6990
153.6598
42.5915
-84.5782
157.4464
61.9485
-82.4630
161.8825
81.3796
-80.5189
166.5500
