-0.6643
0.5816
1.0000
-0.4951
0.5620
1.0000
-0.3131
0.5389
1.0000
-0.1615
0.5146
1.0000
-0.0374
0.4692
1.0000
0.0892
0.4325
1.0000
0.1635
0.3943
1.0000
0.2171
0.3631
1.0000
0.2739
0.3292
1.0000
-0.6567
0.4000
1.0000
-0.4663
0.3948
1.0000
-0.3044
0.3870
1.0000
-0.1529
0.3642
1.0000
-0.0148
0.3447
1.0000
0.1117
0.3399
1.0000
0.1955
0.2894
1.0000
0.2564
0.2704
1.0000
0.3177
0.2477
1.0000
-0.6290
0.2253
1.0000
-0.4842
0.2306
1.0000
-0.3046
0.2111
1.0000
-0.1609
0.2106
1.0000
-0.0177
0.2090
1.0000
0.1240
0.1927
1.0000
0.2068
0.1770
1.0000
0.2814
0.1739
1.0000
0.3507
0.1493
1.0000
-0.5881
0.0779
1.0000
-0.4519
0.0637
1.0000
-0.2999
0.0693
1.0000
-0.1560
0.0534
1.0000
-0.0083
0.0547
1.0000
0.1215
0.0653
1.0000
0.2235
0.0679
1.0000
0.3049
0.0577
1.0000
0.3791
0.0528
1.0000
-0.5480
-0.0465
1.0000
-0.4348
-0.0595
1.0000
-0.3025
-0.0695
1.0000
-0.1514
-0.0804
1.0000
-0.0099
-0.0668
1.0000
0.1193
-0.0776
1.0000
0.2346
-0.0575
1.0000
0.3330
-0.0509
1.0000
0.4070
-0.0536
1.0000
-0.5073
-0.1422
1.0000
-0.4076
-0.1759
1.0000
-0.2857
-0.1968
1.0000
-0.1549
-0.2107
1.0000
-0.0214
-0.2179
1.0000
0.1115
-0.2052
1.0000
0.2406
-0.1905
1.0000
0.3372
-0.1790
1.0000
0.4331
-0.1757
1.0000
-0.4784
-0.2346
1.0000
-0.3892
-0.2555
1.0000
-0.2749
-0.2880
1.0000
-0.1377
-0.3013
1.0000
-0.0199
-0.3228
1.0000
0.1099
-0.3252
1.0000
0.2220
-0.3151
1.0000
0.3424
-0.3086
1.0000
0.4500
-0.2793
1.0000
-0.4489
-0.2874
1.0000
-0.3424
-0.3240
1.0000
-0.2552
-0.3558
1.0000
-0.1534
-0.4072
1.0000
-0.0162
-0.4294
1.0000
0.0918
-0.4332
1.0000
0.2188
-0.4340
1.0000
0.3258
-0.4226
1.0000
0.4572
-0.4195
1.0000
-0.4111
-0.3414
1.0000
-0.3222
-0.3895
1.0000
-0.2300
-0.4235
1.0000
-0.1439
-0.4673
1.0000
-0.0302
-0.4927
1.0000
0.0828
-0.5101
1.0000
0.2039
-0.5166
1.0000
0.3258
-0.5194
1.0000
0.4417
-0.5210
1.0000
-77.4437
67.7598
115.8976
-58.4017
67.6566
120.5135
-39.7974
68.1131
126.6460
-22.1579
69.2596
135.2585
-4.8357
68.8670
144.7156
12.4278
68.7144
156.6853
27.6206
67.6129
170.1276
41.8991
65.9580
184.5722
54.5976
65.1582
200.2013
-78.0240
48.2567
120.2906
-57.8725
48.3471
122.9701
-39.2033
48.9872
127.1450
-19.9035
49.1801
134.5764
-2.6063
48.9977
142.1222
15.8981
50.2154
153.1488
31.8615
48.4490
164.3913
47.1891
48.0476
178.4559
60.2480
46.7773
191.5318
-79.0642
29.3878
126.6281
-60.2930
28.2903
127.1410
-39.8888
27.8070
130.0365
-21.3259
29.0638
134.1287
-2.0524
29.4476
140.5585
17.4113
29.4013
149.3368
33.9192
29.5225
159.5770
49.6861
29.4841
171.3531
65.4878
28.2235
185.1207
-80.4664
10.8146
135.4229
-60.4673
8.9953
133.5733
-40.6846
8.6979
134.0262
-20.9649
8.4258
136.8122
-1.6415
9.1438
141.3149
16.9485
9.3221
148.1299
35.8208
10.6566
156.5215
53.0961
9.9591
166.3453
68.7424
9.9358
179.0664
-80.6465
-6.3680
145.2599
-61.0736
-8.2129
141.6965
-42.0330
-10.2499
140.5440
-21.6956
-11.0664
141.1211
-2.6229
-11.1680
143.7443
17.7709
-10.5270
148.5224
36.4553
-9.7512
154.8437
54.9455
-9.2032
163.4721
72.4469
-9.1911
174.5278
-80.6040
-21.9787
156.2216
-61.7565
-25.8576
151.9359
-41.9534
-28.3007
148.4693
-23.5635
-29.8479
147.4112
-3.4245
-29.9228
147.8872
17.3496
-29.9816
151.1235
36.8425
-29.9193
155.3926
55.2091
-29.6948
161.7879
74.3212
-29.6102
171.2131
-80.6418
-38.4385
168.7757
-62.7277
-41.9271
163.4857
-42.3600
-46.2047
158.8276
-23.4651
-47.6673
155.3105
-3.6816
-48.6980
154.0661
16.2292
-49.3205
154.8919
35.7863
-50.1364
157.8560
55.5378
-49.9878
162.1254
75.2896
-48.8492
169.3341
-80.6923
-53.8926
182.1558
-61.9076
-57.8917
176.0277
-43.3088
-61.6406
170.0602
-23.7864
-65.4340
165.4034
-4.0201
-68.1873
162.3082
15.0793
-69.5650
161.4021
34.6443
-70.2911
162.3427
54.7819
-70.1479
164.9286
75.2426
-69.5036
169.5054
-80.4187
-67.6220
195.1206
-60.7879
-73.3289
189.7339
-42.5561
-77.4172
183.2798
-23.9343
-81.5847
177.0689
-4.8310
-85.5127
172.0382
14.0675
-87.6574
169.2885
34.8767
-88.7818
168.1745
54.8196
-88.9920
169.3495
74.8137
-88.9627
171.9020
