-0.5599
0.4545
1.0000
-0.4348
0.4517
1.0000
-0.2997
0.4409
1.0000
-0.1649
0.4551
1.0000
-0.0448
0.4579
1.0000
0.0978
0.4556
1.0000
0.2027
0.4431
1.0000
0.3159
0.4274
1.0000
0.4385
0.4399
1.0000
-0.5658
0.3312
1.0000
-0.4197
0.3310
1.0000
-0.2956
0.3301
1.0000
-0.1603
0.3305
1.0000
-0.0354
0.3282
1.0000
0.0872
0.3312
1.0000
0.2190
0.3229
1.0000
0.3338
0.3051
1.0000
0.4468
0.3258
1.0000
-0.5646
0.1947
1.0000
-0.4233
0.2038
1.0000
-0.2939
0.1870
1.0000
-0.1739
0.2120
1.0000
-0.0355
0.2013
1.0000
0.0990
0.1995
1.0000
0.2226
0.2074
1.0000
0.3378
0.1997
1.0000
0.4556
0.2053
1.0000
-0.5523
0.0605
1.0000
-0.4035
0.0608
1.0000
-0.2932
0.0658
1.0000
-0.1613
0.0683
1.0000
-0.0337
0.0738
1.0000
0.0983
0.0827
1.0000
0.2247
0.0806
1.0000
0.3488
0.0787
1.0000
0.4635
0.0956
1.0000
-0.5516
-0.0659
1.0000
-0.4220
-0.0553
1.0000
-0.2934
-0.0671
1.0000
-0.1630
-0.0627
1.0000
-0.0354
-0.0690
1.0000
0.1011
-0.0469
1.0000
0.2262
-0.0394
1.0000
0.3463
-0.0443
1.0000
0.4769
-0.0429
1.0000
-0.5351
-0.1932
1.0000
-0.4135
-0.1943
1.0000
-0.2847
-0.1935
1.0000
-0.1713
-0.1905
1.0000
-0.0270
-0.1785
1.0000
0.1028
-0.1761
1.0000
0.2350
-0.1734
1.0000
0.3719
-0.1780
1.0000
0.4722
-0.1652
1.0000
-0.5391
-0.3285
1.0000
-0.4005
-0.3225
1.0000
-0.2701
-0.3302
1.0000
-0.1393
-0.3193
1.0000
-0.0240
-0.3035
1.0000
0.1125
-0.3190
1.0000
0.2428
-0.3089
1.0000
0.3661
-0.2995
1.0000
0.4856
-0.2939
1.0000
-0.5162
-0.4482
1.0000
-0.4060
-0.4478
1.0000
-0.2789
-0.4437
1.0000
-0.1530
-0.4442
1.0000
-0.0230
-0.4406
1.0000
0.1102
-0.4422
1.0000
0.2302
-0.4368
1.0000
0.3626
-0.4346
1.0000
0.4925
-0.4363
1.0000
-0.5183
-0.5698
1.0000
-0.3902
-0.5735
1.0000
-0.2656
-0.5721
1.0000
-0.1396
-0.5675
1.0000
-0.0125
-0.5683
1.0000
0.1126
-0.5720
1.0000
0.2404
-0.5631
1.0000
0.3761
-0.5507
1.0000
0.4992
-0.5475
1.0000
-85.1440
69.4985
152.2783
-65.6560
69.4602
153.1971
-46.0503
70.0107
153.9886
-26.5979
71.3588
155.5745
-7.0464
71.1918
157.2963
13.7780
71.7404
159.7194
33.8451
72.0251
162.4565
53.9868
72.0338
165.5105
73.6476
74.0928
168.8544
-84.5532
49.5027
152.0089
-64.2308
50.1825
152.7605
-45.1133
50.9655
153.3192
-24.6471
51.3453
154.6663
-5.8127
51.1491
156.1266
15.4329
52.7899
158.2943
34.8923
51.6163
160.5793
55.3324
52.8077
163.2933
73.7925
53.1294
166.0702
-84.1191
29.5710
152.0751
-65.3009
29.5987
152.3717
-44.9075
29.6849
153.0829
-25.8097
31.0735
154.0098
-5.5036
31.6306
155.1880
15.7001
31.6345
156.8836
34.7367
32.1896
159.0485
54.1501
32.7830
161.4368
74.9357
33.0854
163.9500
-84.1463
9.0298
152.5098
-63.9657
9.2978
152.3729
-44.3572
10.2045
152.6941
-24.5673
10.4379
153.4608
-4.7608
11.3527
154.3748
14.8804
11.7188
155.8866
35.4639
13.0721
157.6011
55.2726
12.7490
159.4684
74.9678
13.6000
162.1213
-83.3982
-10.7423
152.9226
-63.4122
-9.6615
152.9724
-44.3403
-9.7627
152.9857
-24.0404
-9.4516
153.1799
-4.8477
-9.0053
153.9010
16.0672
-8.1142
155.0326
35.6471
-7.4018
156.5182
55.9262
-6.6762
158.3570
76.3466
-6.2287
160.3266
-82.7624
-29.7278
154.1308
-63.0659
-29.9957
153.5830
-42.9024
-29.3934
153.2559
-24.5087
-29.1872
153.4314
-4.3993
-28.1196
153.6528
16.5085
-27.7026
154.7822
36.5535
-27.4259
155.6740
55.7857
-27.1518
157.1040
76.8136
-26.9331
159.0260
-82.3910
-50.3664
155.2253
-63.5786
-49.7892
154.6177
-42.2046
-50.0198
153.9438
-23.0752
-48.5917
153.8565
-3.2334
-47.8409
153.9530
16.6133
-47.4161
154.2121
36.3015
-47.6889
155.0849
56.6460
-47.3855
156.1140
77.3004
-46.1142
157.8354
-82.6231
-70.7580
156.7233
-62.5010
-70.0061
155.9920
-42.6648
-69.1126
155.1417
-22.3151
-69.0384
154.7492
-2.2314
-68.9529
154.2489
16.9154
-68.6240
154.3622
36.4467
-68.3032
154.7489
56.6789
-67.5555
155.6585
77.6735
-66.7046
156.8318
-82.6664
-89.5154
158.6191
-61.6366
-90.4472
157.6793
-41.9611
-89.5936
156.6860
-21.8931
-88.8860
155.9398
-1.8260
-88.7325
155.1373
17.3047
-88.3840
154.8185
38.0740
-87.5718
154.8532
58.0110
-86.8081
155.6008
78.1154
-86.2836
156.2804
