-0.4305
0.3468
1.0000
-0.3336
0.3431
1.0000
-0.2319
0.3517
1.0000
-0.1247
0.3513
1.0000
-0.0219
0.3604
1.0000
0.0927
0.3592
1.0000
0.2039
0.3604
1.0000
0.3213
0.3722
1.0000
0.4320
0.3786
1.0000
-0.4409
0.2361
1.0000
-0.3476
0.2547
1.0000
-0.2375
0.2666
1.0000
-0.1147
0.2549
1.0000
-0.0135
0.2634
1.0000
0.0949
0.2631
1.0000
0.2041
0.2649
1.0000
0.3358
0.2767
1.0000
0.4384
0.2754
1.0000
-0.4621
0.1515
1.0000
-0.3698
0.1596
1.0000
-0.2478
0.1516
1.0000
-0.1348
0.1509
1.0000
-0.0192
0.1772
1.0000
0.0970
0.1680
1.0000
0.2123
0.1685
1.0000
0.3353
0.1794
1.0000
0.4615
0.1727
1.0000
-0.4892
0.0579
1.0000
-0.3793
0.0486
1.0000
-0.2672
0.0530
1.0000
-0.1486
0.0565
1.0000
-0.0390
0.0569
1.0000
0.1023
0.0652
1.0000
0.2246
0.0791
1.0000
0.3587
0.0693
1.0000
0.4779
0.0838
1.0000
-0.5337
-0.0555
1.0000
-0.3991
-0.0489
1.0000
-0.2913
-0.0531
1.0000
-0.1535
-0.0495
1.0000
-0.0261
-0.0477
1.0000
0.1078
-0.0521
1.0000
0.2383
-0.0494
1.0000
0.3788
-0.0413
1.0000
0.5279
-0.0431
1.0000
-0.5415
-0.1714
1.0000
-0.4349
-0.1802
1.0000
-0.2945
-0.1828
1.0000
-0.1719
-0.1812
1.0000
-0.0445
-0.1776
1.0000
0.1111
-0.1672
1.0000
0.2456
-0.1710
1.0000
0.3853
-0.1701
1.0000
0.5429
-0.1838
1.0000
-0.5846
-0.3235
1.0000
-0.4598
-0.3132
1.0000
-0.3007
-0.3298
1.0000
-0.1784
-0.3177
1.0000
-0.0322
-0.3288
1.0000
0.1001
-0.3164
1.0000
0.2416
-0.3282
1.0000
0.3943
-0.3295
1.0000
0.5628
-0.3417
1.0000
-0.6040
-0.4741
1.0000
-0.4645
-0.4758
1.0000
-0.3263
-0.4653
1.0000
-0.1733
-0.4779
1.0000
-0.0441
-0.4752
1.0000
0.1072
-0.4860
1.0000
0.2566
-0.4828
1.0000
0.4041
-0.4813
1.0000
0.5599
-0.4918
1.0000
-0.6024
-0.5975
1.0000
-0.4597
-0.6074
1.0000
-0.3201
-0.6189
1.0000
-0.1824
-0.6244
1.0000
-0.0451
-0.6248
1.0000
0.1145
-0.6381
1.0000
0.2631
-0.6338
1.0000
0.4119
-0.6234
1.0000
0.5655
-0.6415
1.0000
-81.9422
65.0813
188.7780
-62.4782
64.6972
187.7236
-42.8863
64.9437
186.3825
-23.3431
65.9704
185.4337
-3.8947
65.5455
184.1084
17.0941
65.9374
182.8140
37.2848
65.9668
181.5578
57.5126
65.9092
180.1723
77.4758
67.6898
179.3430
-81.9680
45.7107
184.4182
-61.7003
46.1026
183.0298
-42.5653
46.7137
181.5773
-22.2086
46.7504
179.9857
-3.4069
46.4471
178.2921
17.9890
47.8231
177.2197
37.3758
46.6179
175.2342
57.9924
47.6678
173.7209
76.5883
47.9500
172.3914
-82.2785
27.2860
177.0830
-63.6274
27.1538
175.3733
-43.2936
27.0003
173.6684
-24.2058
28.1234
172.5562
-3.9014
28.5967
170.8834
17.2510
28.4203
169.0026
36.2941
28.7400
167.6209
55.8100
29.2476
165.9788
76.7413
29.6051
164.2043
-83.2582
8.8366
168.0015
-63.0893
8.9360
166.2256
-43.6751
9.7310
164.8041
-23.8506
9.7224
163.2582
-4.1246
10.4410
161.7876
15.4572
10.5295
160.2454
36.1214
11.7174
158.9678
55.9183
11.3180
156.9482
75.6359
11.9280
155.6481
-83.5638
-8.7000
158.7777
-63.5725
-7.9166
157.7158
-44.5327
-8.1970
155.9439
-24.2715
-8.0571
154.2775
-5.1904
-7.9091
152.7978
15.7011
-7.3011
151.4544
35.2278
-6.8634
150.1382
55.5928
-6.2928
148.6844
76.0642
-6.0320
146.9744
-83.6369
-26.0761
150.9989
-64.0993
-26.4980
149.3800
-43.8874
-26.1822
147.8807
-25.5720
-26.3074
146.6768
-5.5210
-25.5078
145.4133
15.3171
-25.5140
144.1899
35.4353
-25.4245
142.5107
54.6001
-25.4419
141.0689
75.5480
-25.4434
139.5809
-84.0971
-45.6238
144.0767
-65.2928
-45.3622
143.0769
-43.9418
-45.9057
141.4536
-24.8764
-44.8420
140.7032
-5.0619
-44.4566
139.5770
14.7486
-44.3671
138.2092
34.4568
-44.9504
136.8786
54.7110
-44.9743
135.6036
75.4898
-44.1204
134.6200
-84.9215
-65.7988
140.3701
-64.8138
-65.3974
139.4098
-44.9543
-64.7717
138.1450
-24.6807
-65.0671
137.1172
-4.5829
-65.3227
135.8679
14.5314
-65.3549
134.8843
34.0281
-65.4132
134.0668
54.2853
-65.0719
133.2238
75.2725
-64.6833
132.4381
-85.3625
-84.7186
140.3002
-64.3517
-85.9973
139.0321
-44.7115
-85.4263
137.6383
-24.6166
-85.0406
136.4463
-4.5335
-85.2654
135.4899
14.6162
-85.2075
135.0496
35.3382
-84.8731
134.3517
55.2417
-84.4563
134.0210
75.3722
-84.2823
133.3252
