-0.7153
0.6184
1.0000
-0.5080
0.5827
1.0000
-0.3188
0.5542
1.0000
-0.1535
0.5390
1.0000
-0.0077
0.4910
1.0000
0.0975
0.4405
1.0000
0.1687
0.3882
1.0000
0.2330
0.3540
1.0000
0.2675
0.3250
1.0000
-0.6783
0.4066
1.0000
-0.4931
0.4009
1.0000
-0.3074
0.3750
1.0000
-0.1435
0.3701
1.0000
-0.0089
0.3359
1.0000
0.1326
0.3173
1.0000
0.2042
0.2918
1.0000
0.2839
0.2496
1.0000
0.3181
0.2219
1.0000
-0.6463
0.2357
1.0000
-0.4832
0.2059
1.0000
-0.3276
0.1975
1.0000
-0.1606
0.2010
1.0000
-0.0058
0.1892
1.0000
0.1407
0.1877
1.0000
0.2401
0.1668
1.0000
0.3042
0.1640
1.0000
0.3699
0.1436
1.0000
-0.6059
0.0923
1.0000
-0.4584
0.0637
1.0000
-0.3117
0.0523
1.0000
-0.1629
0.0444
1.0000
-0.0092
0.0430
1.0000
0.1174
0.0390
1.0000
0.2362
0.0488
1.0000
0.3403
0.0386
1.0000
0.4107
0.0269
1.0000
-0.5479
-0.0094
1.0000
-0.4128
-0.0538
1.0000
-0.2884
-0.0698
1.0000
-0.1632
-0.0890
1.0000
-0.0209
-0.0872
1.0000
0.1190
-0.0942
1.0000
0.2461
-0.0963
1.0000
0.3587
-0.0849
1.0000
0.4236
-0.0730
1.0000
-0.4943
-0.0940
1.0000
-0.3881
-0.1357
1.0000
-0.2703
-0.1710
1.0000
-0.1510
-0.1896
1.0000
-0.0173
-0.2084
1.0000
0.1020
-0.2172
1.0000
0.2315
-0.2152
1.0000
0.3441
-0.2010
1.0000
0.4393
-0.1992
1.0000
-0.4481
-0.1620
1.0000
-0.3597
-0.1891
1.0000
-0.2632
-0.2337
1.0000
-0.1508
-0.2765
1.0000
-0.0255
-0.2969
1.0000
0.0898
-0.3148
1.0000
0.2007
-0.3239
1.0000
0.3387
-0.3273
1.0000
0.4411
-0.3100
1.0000
-0.4102
-0.2086
1.0000
-0.3310
-0.2399
1.0000
-0.2348
-0.2905
1.0000
-0.1498
-0.3262
1.0000
-0.0300
-0.3657
1.0000
0.0703
-0.3852
1.0000
0.1861
-0.4086
1.0000
0.2993
-0.4162
1.0000
0.4254
-0.4169
1.0000
-0.3779
-0.2360
1.0000
-0.3029
-0.2830
1.0000
-0.2145
-0.3258
1.0000
-0.1327
-0.3634
1.0000
-0.0430
-0.4026
1.0000
0.0561
-0.4490
1.0000
0.1677
-0.4757
1.0000
0.2854
-0.4930
1.0000
0.3957
-0.5133
1.0000
-74.6693
64.0692
104.8817
-55.6056
63.6316
109.6085
-36.8888
64.0722
115.1467
-18.9412
65.4214
123.0885
-1.4749
65.3961
132.4136
14.4622
65.3432
146.0739
27.9294
64.0293
161.2953
40.9165
62.4715
176.8242
52.6874
62.0739
193.2336
-76.1594
45.4672
112.2663
-55.8903
44.8368
114.3329
-37.0978
45.1263
117.9645
-17.5209
45.3274
124.4609
0.0288
45.1692
131.2843
18.3742
46.7846
142.9480
33.3944
45.3466
155.3021
47.3794
44.9734
170.7936
59.5740
43.9874
184.7146
-77.9480
28.1611
121.9902
-59.1896
25.8905
121.9110
-38.7822
24.6444
123.8776
-19.9370
25.4304
127.0054
-0.3803
25.6584
132.3536
19.3922
25.7038
140.5763
35.6347
26.2188
151.3431
50.7040
26.2850
163.8929
65.7167
25.7545
178.5333
-79.7369
11.9866
134.7311
-60.1573
8.2627
131.9685
-40.4082
6.5699
131.3621
-20.6039
5.4304
133.1119
-0.9336
5.5873
136.2929
18.0118
5.6485
141.4205
37.2708
7.0348
149.5270
54.2368
6.7755
160.1321
69.5487
7.2373
172.9712
-80.2800
-2.5474
148.0532
-61.1041
-6.5720
143.8582
-42.4527
-10.4007
141.7537
-22.1663
-12.7581
141.0012
-3.1599
-13.8891
142.2478
17.7485
-13.9608
145.4379
36.8263
-13.4381
150.4720
55.5461
-12.6957
158.7548
72.9604
-12.1811
169.6758
-80.4061
-15.1604
162.2346
-62.0196
-21.2419
157.8819
-42.7427
-26.0761
153.7437
-24.8821
-29.4716
151.3437
-4.6701
-31.2590
150.2318
16.2491
-32.4796
151.6959
36.1254
-33.2051
154.3859
54.8996
-33.3163
159.4220
74.2788
-32.9187
168.1084
-80.0867
-28.1768
178.4690
-62.8561
-33.9854
173.2581
-43.2946
-40.8829
168.3001
-24.9314
-44.8074
163.6298
-5.6108
-47.9738
160.7184
14.1368
-50.3884
159.8694
33.7797
-52.3893
160.9440
54.0135
-53.2452
163.4835
74.2958
-52.2246
168.8025
-79.9953
-40.0869
195.1091
-61.9740
-46.3491
189.0485
-43.9374
-52.6981
183.2687
-25.3322
-59.0820
178.0564
-6.3551
-64.5929
173.9732
12.3604
-68.1249
171.2862
31.6374
-70.6721
170.1204
51.9646
-72.1722
170.4281
72.8611
-72.4821
172.5604
-79.5426
-50.5529
210.8915
-60.7806
-58.2573
206.1188
-43.0008
-64.7153
200.1009
-25.0281
-71.4886
193.6561
-7.0365
-78.2494
188.2837
11.2165
-83.2391
184.1505
31.2243
-86.9767
180.9678
51.1971
-89.2178
179.4805
71.1631
-90.7615
179.3684
