-0.6915
0.5156
1.0000
-0.5332
0.5082
1.0000
-0.3711
0.5124
1.0000
-0.2120
0.5128
1.0000
-0.0442
0.5102
1.0000
0.1261
0.5075
1.0000
0.3030
0.5035
1.0000
0.4751
0.5085
1.0000
0.6599
0.5230
1.0000
-0.6522
0.3379
1.0000
-0.5026
0.3286
1.0000
-0.3477
0.3368
1.0000
-0.1950
0.3312
1.0000
-0.0417
0.3263
1.0000
0.1308
0.3307
1.0000
0.2936
0.3337
1.0000
0.4569
0.3310
1.0000
0.6146
0.3424
1.0000
-0.6112
0.1827
1.0000
-0.4667
0.1882
1.0000
-0.3299
0.1790
1.0000
-0.1818
0.1878
1.0000
-0.0237
0.1870
1.0000
0.1161
0.1852
1.0000
0.2606
0.1814
1.0000
0.4124
0.1774
1.0000
0.5657
0.1715
1.0000
-0.5593
0.0550
1.0000
-0.4378
0.0630
1.0000
-0.2935
0.0578
1.0000
-0.1673
0.0595
1.0000
-0.0284
0.0584
1.0000
0.1011
0.0558
1.0000
0.2403
0.0630
1.0000
0.3723
0.0534
1.0000
0.5176
0.0640
1.0000
-0.5034
-0.0389
1.0000
-0.3937
-0.0315
1.0000
-0.2708
-0.0429
1.0000
-0.1504
-0.0487
1.0000
-0.0362
-0.0494
1.0000
0.1066
-0.0409
1.0000
0.2266
-0.0509
1.0000
0.3528
-0.0397
1.0000
0.4923
-0.0380
1.0000
-0.4748
-0.1147
1.0000
-0.3622
-0.1285
1.0000
-0.2493
-0.1370
1.0000
-0.1422
-0.1244
1.0000
-0.0256
-0.1232
1.0000
0.0965
-0.1367
1.0000
0.2178
-0.1368
1.0000
0.3218
-0.1317
1.0000
0.4520
-0.1507
1.0000
-0.4519
-0.2211
1.0000
-0.3496
-0.2216
1.0000
-0.2457
-0.2279
1.0000
-0.1340
-0.2237
1.0000
-0.0185
-0.2386
1.0000
0.0928
-0.2347
1.0000
0.2030
-0.2340
1.0000
0.3114
-0.2318
1.0000
0.4291
-0.2323
1.0000
-0.4514
-0.3318
1.0000
-0.3450
-0.3254
1.0000
-0.2325
-0.3272
1.0000
-0.1226
-0.3421
1.0000
-0.0226
-0.3373
1.0000
0.0727
-0.3375
1.0000
0.1868
-0.3421
1.0000
0.2957
-0.3343
1.0000
0.4294
-0.3405
1.0000
-0.4652
-0.4244
1.0000
-0.3469
-0.4471
1.0000
-0.2373
-0.4379
1.0000
-0.1380
-0.4317
1.0000
-0.0130
-0.4359
1.0000
0.0855
-0.4433
1.0000
0.2023
-0.4468
1.0000
0.3076
-0.4475
1.0000
0.4218
-0.4437
1.0000
-83.5608
60.9606
119.8559
-64.0480
60.3186
119.5282
-44.5195
60.1033
118.6181
-24.9920
60.8608
118.0516
-5.3791
60.1326
117.8252
15.6107
60.1058
117.4205
35.9423
59.8802
117.3720
56.2344
59.4994
117.1787
76.1938
61.0934
116.7880
-83.4413
42.1780
127.0019
-63.1134
42.2557
126.5827
-43.9147
42.3303
125.9619
-23.5358
42.1899
125.6376
-4.7327
41.3789
125.4420
16.7102
42.2881
124.3413
36.2381
40.6750
124.7010
56.8847
41.0611
123.7725
75.5824
40.9793
123.4373
-83.4172
25.3653
137.7918
-64.6369
24.8159
137.6588
-44.1853
24.5636
137.4668
-25.0847
25.0790
136.4286
-4.8795
24.8527
135.7425
16.4830
24.1904
135.6237
35.3773
24.1957
134.7454
55.1555
23.9799
134.3789
76.1700
23.4573
133.5822
-83.7646
9.5931
150.9819
-63.6368
9.0985
150.3220
-44.0971
9.1132
149.6102
-24.1806
8.7762
149.4031
-4.2954
8.7960
148.4652
15.1853
8.5619
147.9881
35.9128
8.8797
146.7958
55.8897
7.8647
146.6262
75.4901
8.0531
145.3522
-83.2746
-5.7350
163.4052
-63.3904
-5.4959
162.4768
-44.1892
-6.1967
162.4446
-23.9635
-6.6715
161.7920
-4.8485
-6.9731
161.3181
16.1731
-6.9746
160.3688
35.8329
-7.0259
159.6414
56.2128
-7.1531
158.8694
76.5866
-7.5771
158.0948
-83.0431
-21.2924
174.0403
-63.3214
-22.2728
173.7996
-43.1040
-22.6086
173.1227
-24.8072
-23.0222
172.7634
-4.6738
-22.7712
171.7133
16.2946
-23.1224
171.4914
36.3346
-23.6277
170.7050
55.5447
-23.9870
170.2430
76.5402
-24.5295
169.6633
-83.1859
-40.2918
181.7840
-64.2297
-40.3447
181.4264
-43.0093
-41.4084
180.8537
-23.6779
-40.7593
180.4197
-4.0119
-40.7639
179.6657
15.7731
-41.0584
178.9755
35.5279
-42.0444
178.8239
55.9039
-42.4245
178.2374
76.6512
-41.9258
177.7361
-84.0819
-60.2731
184.0619
-63.9941
-60.2608
183.9905
-44.0638
-60.0682
183.5952
-23.7014
-60.6916
183.5903
-3.6483
-61.2787
183.1584
15.5037
-61.6619
182.9694
35.0709
-61.9808
182.6259
55.2844
-62.0233
182.2901
76.2655
-61.8973
181.8081
-84.7826
-78.6028
181.1558
-63.8135
-80.4266
181.3395
-44.0569
-80.2522
181.5277
-24.0041
-80.2550
181.7150
-3.8517
-80.7951
181.6656
15.1889
-81.1584
181.6174
36.0521
-81.0815
181.6401
55.9773
-81.0774
181.6962
76.1406
-81.2420
181.4779
