-0.4661
0.3698
1.0000
-0.3706
0.3659
1.0000
-0.2463
0.3486
1.0000
-0.1323
0.3617
1.0000
-0.0211
0.3723
1.0000
0.0970
0.3573
1.0000
0.2036
0.3513
1.0000
0.3148
0.3586
1.0000
0.4259
0.3581
1.0000
-0.4679
0.2509
1.0000
-0.3468
0.2459
1.0000
-0.2566
0.2483
1.0000
-0.1252
0.2491
1.0000
-0.0307
0.2515
1.0000
0.0940
0.2533
1.0000
0.2058
0.2274
1.0000
0.3205
0.2565
1.0000
0.4233
0.2464
1.0000
-0.4690
0.1437
1.0000
-0.3552
0.1335
1.0000
-0.2516
0.1348
1.0000
-0.1357
0.1393
1.0000
-0.0199
0.1343
1.0000
0.1029
0.1363
1.0000
0.2088
0.1354
1.0000
0.3089
0.1478
1.0000
0.4346
0.1546
1.0000
-0.4834
0.0178
1.0000
-0.3617
0.0266
1.0000
-0.2433
0.0309
1.0000
-0.1481
0.0358
1.0000
-0.0212
0.0262
1.0000
0.0898
0.0369
1.0000
0.2148
0.0276
1.0000
0.3326
0.0412
1.0000
0.4450
0.0305
1.0000
-0.5021
-0.0765
1.0000
-0.3850
-0.0807
1.0000
-0.2617
-0.0793
1.0000
-0.1344
-0.0701
1.0000
-0.0302
-0.0678
1.0000
0.0842
-0.0703
1.0000
0.2178
-0.0725
1.0000
0.3471
-0.0746
1.0000
0.4759
-0.0725
1.0000
-0.5284
-0.1888
1.0000
-0.4090
-0.1919
1.0000
-0.2769
-0.1908
1.0000
-0.1679
-0.1833
1.0000
-0.0342
-0.1861
1.0000
0.1136
-0.1916
1.0000
0.2412
-0.1865
1.0000
0.3725
-0.1798
1.0000
0.5075
-0.1830
1.0000
-0.5885
-0.3127
1.0000
-0.4475
-0.3094
1.0000
-0.3068
-0.3205
1.0000
-0.1656
-0.3009
1.0000
-0.0391
-0.3108
1.0000
0.1084
-0.3025
1.0000
0.2557
-0.3047
1.0000
0.3956
-0.3109
1.0000
0.5545
-0.3135
1.0000
-0.6453
-0.4612
1.0000
-0.4966
-0.4598
1.0000
-0.3440
-0.4539
1.0000
-0.1880
-0.4660
1.0000
-0.0404
-0.4543
1.0000
0.1201
-0.4568
1.0000
0.2804
-0.4620
1.0000
0.4474
-0.4633
1.0000
0.6047
-0.4574
1.0000
-0.7168
-0.6350
1.0000
-0.5512
-0.6528
1.0000
-0.3904
-0.6410
1.0000
-0.2206
-0.6433
1.0000
-0.0435
-0.6499
1.0000
0.1373
-0.6477
1.0000
0.3215
-0.6549
1.0000
0.4930
-0.6574
1.0000
0.6730
-0.6433
1.0000
-82.7121
63.6857
173.8025
-63.3141
63.3855
174.9375
-43.7353
63.4362
175.4490
-24.1717
64.3499
176.1134
-4.6013
63.8420
177.0083
16.1930
63.9931
177.6632
36.5412
63.8062
178.5134
56.9200
63.5867
179.1729
76.8533
65.2085
179.4555
-82.8065
44.4438
178.3860
-62.4857
44.5709
178.8184
-43.4100
44.8525
178.9058
-22.9301
44.7315
179.4286
-4.0634
44.0825
179.7557
17.3427
45.1954
180.1627
36.8443
43.6891
180.5666
57.5055
44.4081
180.6286
76.2072
44.3863
180.9562
-82.8860
24.7203
178.5387
-64.2133
24.2136
178.6009
-43.7287
23.8577
178.6393
-24.6465
24.7462
178.8086
-4.2984
24.8278
178.7802
16.9542
24.3215
178.5811
36.0688
24.4617
178.8078
55.7122
24.6627
178.6828
76.7156
24.6256
178.3817
-83.4755
4.8479
174.2743
-63.2608
4.6118
173.8788
-43.7303
5.1627
173.7288
-23.8702
4.9663
173.5237
-4.1069
5.4858
173.2690
15.6583
5.3937
173.0179
36.2155
6.3483
172.9013
56.1744
5.8617
172.1606
75.9708
6.2742
172.0723
-83.3009
-13.0761
166.1787
-63.3061
-12.4997
166.2009
-44.2228
-12.7597
165.4007
-23.9534
-12.6783
164.6297
-4.7615
-12.4848
164.1033
16.1703
-11.9807
163.7325
35.7708
-11.5712
163.2594
56.1504
-11.0417
162.8326
76.6153
-10.8527
162.1497
-83.0025
-29.0079
156.3337
-63.6021
-29.3384
155.0647
-43.4542
-28.8217
154.1678
-25.0854
-28.7020
153.2628
-5.0362
-27.7823
152.7065
15.7718
-27.7254
152.2365
35.9503
-27.4494
151.3315
55.2839
-27.4397
150.6089
76.2751
-27.3850
149.7205
-83.5966
-45.2768
143.3717
-64.7542
-44.7986
142.7167
-43.5148
-44.3159
140.7058
-24.4303
-43.1244
140.4820
-4.5783
-42.5711
139.7036
15.1866
-42.2002
138.8655
34.8932
-42.5192
137.6261
55.4431
-42.3671
137.1362
76.0151
-41.8686
137.0244
-84.5595
-61.0905
130.4448
-64.5558
-59.9067
129.1134
-44.6876
-58.5791
128.0208
-24.3743
-58.2459
126.5614
-4.3671
-57.9256
125.2937
14.7578
-57.8102
124.5524
34.2182
-57.6588
123.7472
54.5236
-57.3746
123.4044
75.5797
-57.1032
123.3985
-85.1826
-76.2704
119.3194
-64.2742
-76.2569
116.6702
-44.7250
-74.4515
114.8515
-24.7163
-73.1141
113.2850
-4.5483
-72.8883
112.3308
14.5600
-72.8925
111.7403
35.2626
-72.5865
111.4661
55.0643
-72.4751
111.1692
75.4432
-72.3323
110.9870
