-0.5566
0.4703
1.0000
-0.4160
0.4629
1.0000
-0.2899
0.4571
1.0000
-0.1598
0.4632
1.0000
-0.0275
0.4555
1.0000
0.1007
0.4543
1.0000
0.2117
0.4495
1.0000
0.3410
0.4321
1.0000
0.4539
0.4495
1.0000
-0.5530
0.3455
1.0000
-0.4118
0.3275
1.0000
-0.2846
0.3360
1.0000
-0.1429
0.3229
1.0000
-0.0327
0.3279
1.0000
0.1070
0.3154
1.0000
0.2234
0.3125
1.0000
0.3509
0.3206
1.0000
0.4496
0.3169
1.0000
-0.5572
0.2029
1.0000
-0.4182
0.2033
1.0000
-0.2827
0.2044
1.0000
-0.1699
0.1957
1.0000
-0.0310
0.1912
1.0000
0.0995
0.1934
1.0000
0.2226
0.1946
1.0000
0.3378
0.1984
1.0000
0.4592
0.1970
1.0000
-0.5546
0.0685
1.0000
-0.4079
0.0713
1.0000
-0.2858
0.0773
1.0000
-0.1601
0.0747
1.0000
-0.0251
0.0788
1.0000
0.0969
0.0626
1.0000
0.2291
0.0790
1.0000
0.3285
0.0633
1.0000
0.4588
0.0716
1.0000
-0.5519
-0.0625
1.0000
-0.4301
-0.0573
1.0000
-0.2895
-0.0631
1.0000
-0.1539
-0.0649
1.0000
-0.0339
-0.0616
1.0000
0.1062
-0.0608
1.0000
0.2225
-0.0454
1.0000
0.3491
-0.0377
1.0000
0.4594
-0.0487
1.0000
-0.5591
-0.1852
1.0000
-0.4148
-0.1840
1.0000
-0.2948
-0.1840
1.0000
-0.1670
-0.1914
1.0000
-0.0287
-0.1731
1.0000
0.0981
-0.1757
1.0000
0.2295
-0.1778
1.0000
0.3367
-0.1757
1.0000
0.4697
-0.1711
1.0000
-0.5578
-0.3385
1.0000
-0.4278
-0.3171
1.0000
-0.2809
-0.3230
1.0000
-0.1529
-0.3149
1.0000
-0.0279
-0.3153
1.0000
0.0951
-0.2983
1.0000
0.2242
-0.3098
1.0000
0.3384
-0.2938
1.0000
0.4688
-0.2981
1.0000
-0.5704
-0.4804
1.0000
-0.4301
-0.4630
1.0000
-0.2943
-0.4475
1.0000
-0.1487
-0.4472
1.0000
-0.0199
-0.4532
1.0000
0.1083
-0.4460
1.0000
0.2152
-0.4345
1.0000
0.3591
-0.4462
1.0000
0.4778
-0.4157
1.0000
-0.5918
-0.6150
1.0000
-0.4306
-0.6091
1.0000
-0.2898
-0.6065
1.0000
-0.1570
-0.5897
1.0000
-0.0196
-0.5870
1.0000
0.1055
-0.5825
1.0000
0.2313
-0.5625
1.0000
0.3645
-0.5526
1.0000
0.4803
-0.5498
1.0000
-83.5460
70.8406
150.2840
-64.0836
70.4750
152.3844
-44.5787
70.6432
153.8956
-25.1575
71.6855
155.7896
-5.6795
71.1353
157.5751
15.2371
71.3946
159.5386
35.4413
71.2558
161.4408
55.7009
71.1253
163.2476
75.5449
72.9042
165.1418
-83.3669
50.9225
150.9559
-63.1443
51.1726
152.9413
-44.0519
51.6226
154.3980
-23.6632
51.5639
156.3518
-4.8743
51.0113
158.0692
16.4654
52.2706
159.9786
35.8353
50.8767
161.8374
56.4538
51.7104
163.4349
75.0509
51.8360
165.1349
-83.2969
31.0008
151.1177
-64.6278
30.6670
152.7999
-44.3345
30.3816
154.6991
-25.2732
31.4498
156.3279
-4.9762
31.4834
158.1761
16.2036
31.1275
159.9821
35.2522
31.3967
161.8361
54.7370
31.6399
163.5239
75.6241
31.6590
164.9580
-83.7252
10.5376
150.9271
-63.6541
10.3779
152.5623
-44.0859
10.8583
154.2668
-24.3686
10.7422
156.0507
-4.6484
11.2861
157.7868
14.9856
11.2323
159.6094
35.5693
12.2419
161.3299
55.3389
11.5397
162.9733
75.1510
12.1675
164.8845
-83.2669
-9.2615
150.1486
-63.4210
-8.5878
152.1055
-44.3799
-9.0824
153.7280
-24.1327
-9.1169
155.4246
-5.1108
-9.0955
157.1328
15.8644
-8.6082
158.9839
35.3645
-8.2416
160.7724
55.6935
-7.8732
162.5347
76.0999
-7.7091
164.1462
-82.9177
-28.1975
149.3951
-63.3034
-28.8703
151.1358
-43.1881
-28.6653
152.7787
-24.9549
-28.8641
154.4589
-4.9086
-28.1410
156.1383
15.9319
-28.1541
158.4307
35.9637
-28.2711
159.8333
55.1468
-28.3072
161.6537
76.1510
-28.5262
163.4784
-82.8231
-48.8217
147.5912
-64.0080
-48.5842
149.5322
-42.7720
-49.2430
151.2787
-23.7245
-48.1859
153.3411
-4.0154
-47.8408
155.1153
15.8009
-47.8270
156.8229
35.3889
-48.4859
158.6287
55.6791
-48.5796
160.3638
76.3518
-47.6894
162.3207
-83.2061
-69.1067
145.2670
-63.2632
-68.8005
147.6508
-43.4606
-68.2342
149.6106
-23.2311
-68.5562
151.6596
-3.2043
-68.8536
153.3460
15.8341
-68.9284
155.2195
35.3167
-68.9996
157.0262
55.4777
-68.6171
158.9803
76.3523
-68.2234
160.8951
-83.4066
-87.7320
142.7767
-62.6079
-89.0799
145.1134
-43.0094
-88.6100
147.2179
-22.9302
-88.3074
149.3408
-2.9193
-88.5936
151.3402
16.0661
-88.5402
153.3562
36.7726
-88.2171
155.2757
56.5519
-87.8454
157.3938
76.6789
-87.7169
159.3254
