-0.5838
0.5389
1.0000
-0.4385
0.5124
1.0000
-0.2806
0.4806
1.0000
-0.1435
0.4533
1.0000
-0.0286
0.4250
1.0000
0.0949
0.3911
1.0000
0.1967
0.3626
1.0000
0.2917
0.3114
1.0000
0.3781
0.3054
1.0000
-0.6166
0.4126
1.0000
-0.4309
0.3883
1.0000
-0.2893
0.3755
1.0000
-0.1355
0.3472
1.0000
-0.0134
0.3288
1.0000
0.1213
0.2976
1.0000
0.2242
0.2711
1.0000
0.3396
0.2498
1.0000
0.4002
0.2214
1.0000
-0.6201
0.2549
1.0000
-0.4648
0.2401
1.0000
-0.2972
0.2213
1.0000
-0.1587
0.2181
1.0000
-0.0131
0.1957
1.0000
0.1295
0.1950
1.0000
0.2503
0.1645
1.0000
0.3614
0.1655
1.0000
0.4651
0.1275
1.0000
-0.6035
0.0916
1.0000
-0.4619
0.0854
1.0000
-0.2972
0.0691
1.0000
-0.1570
0.0656
1.0000
-0.0127
0.0623
1.0000
0.1240
0.0536
1.0000
0.2628
0.0474
1.0000
0.3722
0.0376
1.0000
0.4933
0.0218
1.0000
-0.5843
-0.0321
1.0000
-0.4540
-0.0539
1.0000
-0.3131
-0.0622
1.0000
-0.1609
-0.0752
1.0000
-0.0225
-0.0882
1.0000
0.1168
-0.0844
1.0000
0.2479
-0.0958
1.0000
0.3936
-0.0839
1.0000
0.5035
-0.0961
1.0000
-0.5436
-0.1288
1.0000
-0.4153
-0.1634
1.0000
-0.2919
-0.1751
1.0000
-0.1744
-0.1910
1.0000
-0.0360
-0.1952
1.0000
0.1062
-0.2075
1.0000
0.2408
-0.2185
1.0000
0.3686
-0.2176
1.0000
0.4867
-0.2257
1.0000
-0.5009
-0.2115
1.0000
-0.3934
-0.2456
1.0000
-0.2728
-0.2701
1.0000
-0.1631
-0.2799
1.0000
-0.0468
-0.2978
1.0000
0.0789
-0.3219
1.0000
0.2112
-0.3232
1.0000
0.3382
-0.3447
1.0000
0.4690
-0.3425
1.0000
-0.4682
-0.2544
1.0000
-0.3702
-0.2986
1.0000
-0.2625
-0.3256
1.0000
-0.1504
-0.3508
1.0000
-0.0424
-0.3784
1.0000
0.0697
-0.3918
1.0000
0.1868
-0.4060
1.0000
0.3141
-0.4276
1.0000
0.4297
-0.4523
1.0000
-0.4329
-0.2968
1.0000
-0.3347
-0.3350
1.0000
-0.2461
-0.3553
1.0000
-0.1453
-0.3960
1.0000
-0.0348
-0.4253
1.0000
0.0564
-0.4534
1.0000
0.1771
-0.4695
1.0000
0.2936
-0.5027
1.0000
0.3989
-0.5204
1.0000
-77.7502
72.2175
132.2979
-59.1026
70.4062
137.6533
-40.2346
69.0107
143.4076
-21.8774
68.1623
150.0800
-3.4821
65.6960
156.4126
15.7655
63.3670
164.5517
34.3018
60.5405
172.3888
52.7350
57.6283
180.2587
70.5419
55.9629
189.5110
-77.7008
52.5912
127.9108
-57.8848
51.6600
132.6147
-39.2796
51.0660
136.9003
-19.6094
49.5782
142.5936
-1.5080
47.7353
147.6541
18.6754
46.8952
155.1318
36.9844
43.6893
161.2105
56.0768
41.9665
169.0564
73.0587
39.7831
176.2891
-78.7541
32.6152
127.7316
-60.2048
31.2869
130.3027
-40.0783
29.9026
133.6972
-21.3674
29.9248
137.3844
-1.4545
28.9051
141.8723
19.1589
27.1782
146.9487
37.4508
26.0485
152.6154
56.0206
24.7266
158.4550
75.7525
22.6933
165.5198
-80.9421
12.5928
132.4263
-60.8510
11.0412
133.0426
-41.2803
10.2632
134.6691
-21.6064
9.0926
136.9722
-1.9157
8.5601
139.7481
17.4305
7.5378
143.1145
37.7911
7.3513
147.2955
57.1184
5.5982
151.6065
76.1476
4.7610
157.4170
-82.1722
-5.3062
140.9180
-62.2971
-6.7660
139.8578
-43.2305
-8.9100
140.2334
-22.9765
-10.4328
140.7716
-3.9572
-11.6987
142.0015
17.0092
-12.4436
143.8017
36.5009
-13.1228
146.1509
56.6752
-13.8643
149.2416
76.7744
-14.8028
152.7887
-83.2552
-20.4305
152.2110
-63.8905
-24.0258
150.6913
-43.8712
-26.5597
149.0933
-25.6923
-28.6701
148.3645
-5.5304
-29.9279
147.8968
15.3999
-31.4809
148.6533
35.4560
-33.0089
149.3926
54.5773
-34.3212
150.8063
75.6203
-35.7391
152.9659
-84.0513
-35.4818
166.7223
-65.5808
-38.7391
164.0949
-44.8030
-42.9929
161.6990
-25.8895
-45.0506
159.1240
-6.4001
-47.3224
157.4001
13.4005
-49.4824
156.5312
32.9662
-52.0501
156.5314
53.3692
-53.8497
156.5062
74.0626
-54.5265
156.9747
-85.1266
-48.7301
182.1612
-65.6317
-52.4158
178.8541
-46.2604
-56.0038
175.6866
-26.5907
-60.1539
172.7868
-6.9536
-64.0900
170.3705
11.8505
-67.0172
168.5570
31.0341
-69.5000
167.0801
51.3239
-71.8040
165.8343
72.1014
-73.5615
164.7859
-85.3883
-60.1941
197.5196
-65.1876
-65.0953
195.3603
-46.2376
-68.9543
191.6798
-26.9637
-73.1976
187.7690
-8.1236
-77.8477
184.3848
10.7759
-81.7249
181.6272
31.1758
-84.8829
179.0999
51.0043
-87.4088
177.2826
70.6336
-90.0048
175.2749
