-0.4083
0.3103
1.0000
-0.3144
0.2916
1.0000
-0.2143
0.2976
1.0000
-0.1173
0.3055
1.0000
-0.0161
0.3116
1.0000
0.0888
0.2980
1.0000
0.1934
0.2966
1.0000
0.2968
0.2850
1.0000
0.4090
0.3035
1.0000
-0.4221
0.2187
1.0000
-0.3153
0.2126
1.0000
-0.2178
0.2155
1.0000
-0.1087
0.2164
1.0000
-0.0205
0.1964
1.0000
0.1018
0.2089
1.0000
0.1912
0.2016
1.0000
0.3071
0.2002
1.0000
0.4072
0.2092
1.0000
-0.4476
0.1237
1.0000
-0.3399
0.1274
1.0000
-0.2426
0.1242
1.0000
-0.1328
0.1193
1.0000
-0.0214
0.1305
1.0000
0.0980
0.1168
1.0000
0.1996
0.1269
1.0000
0.3101
0.1239
1.0000
0.4298
0.1299
1.0000
-0.4934
0.0391
1.0000
-0.3659
0.0488
1.0000
-0.2555
0.0450
1.0000
-0.1475
0.0336
1.0000
-0.0281
0.0434
1.0000
0.0885
0.0442
1.0000
0.2146
0.0513
1.0000
0.3466
0.0458
1.0000
0.4638
0.0460
1.0000
-0.5348
-0.0477
1.0000
-0.4100
-0.0403
1.0000
-0.2806
-0.0435
1.0000
-0.1592
-0.0347
1.0000
-0.0336
-0.0482
1.0000
0.0944
-0.0512
1.0000
0.2309
-0.0569
1.0000
0.3786
-0.0501
1.0000
0.4934
-0.0463
1.0000
-0.5875
-0.1368
1.0000
-0.4526
-0.1521
1.0000
-0.2985
-0.1585
1.0000
-0.1770
-0.1592
1.0000
-0.0471
-0.1533
1.0000
0.1086
-0.1518
1.0000
0.2540
-0.1528
1.0000
0.3962
-0.1689
1.0000
0.5375
-0.1778
1.0000
-0.6460
-0.2960
1.0000
-0.5046
-0.2847
1.0000
-0.3465
-0.2986
1.0000
-0.2059
-0.2871
1.0000
-0.0389
-0.3024
1.0000
0.1154
-0.3010
1.0000
0.2620
-0.3110
1.0000
0.4168
-0.3198
1.0000
0.5802
-0.3143
1.0000
-0.6904
-0.4604
1.0000
-0.5261
-0.4556
1.0000
-0.3750
-0.4515
1.0000
-0.2021
-0.4694
1.0000
-0.0471
-0.4713
1.0000
0.1179
-0.4705
1.0000
0.2728
-0.4843
1.0000
0.4301
-0.4900
1.0000
0.6007
-0.4942
1.0000
-0.7061
-0.6143
1.0000
-0.5397
-0.6347
1.0000
-0.3756
-0.6366
1.0000
-0.2178
-0.6403
1.0000
-0.0494
-0.6456
1.0000
0.1111
-0.6551
1.0000
0.2809
-0.6457
1.0000
0.4329
-0.6544
1.0000
0.6035
-0.6503
1.0000
-81.3580
59.7919
196.0357
-61.9249
58.9394
196.2418
-42.3236
58.5860
195.9168
-22.7476
59.1956
196.0465
-3.2181
58.2364
195.9701
17.6877
58.0320
195.8301
37.9631
57.5075
195.7831
58.4056
56.8585
195.6287
78.3410
58.1368
195.8956
-81.7413
40.5399
192.3590
-61.4109
40.3450
192.0266
-42.1693
40.4455
191.5617
-21.8342
40.0013
191.1478
-2.9500
39.1827
190.5255
18.5458
39.9311
190.6600
38.0133
38.2811
189.7554
58.6457
38.7181
189.4126
77.3047
38.5556
189.1733
-82.1688
23.2281
182.8902
-63.4050
22.6809
182.2150
-43.0722
21.9888
181.3295
-23.8257
22.6840
181.6379
-3.5580
22.5741
180.8309
17.7087
21.9238
180.0269
36.8245
21.7991
179.7930
56.3201
21.8715
179.1260
77.3873
21.6990
178.4499
-83.1778
7.5498
169.8098
-62.9227
7.3073
168.7905
-43.4666
7.5616
168.5708
-23.7039
6.9125
168.1413
-3.8109
7.2392
167.6695
15.9129
6.7972
167.3445
36.5141
7.3990
167.1322
56.5157
6.7905
166.1030
76.1992
6.7172
165.5928
-83.5640
-6.2488
155.5010
-63.4552
-6.0779
155.6178
-44.4347
-6.7164
154.5919
-24.1269
-7.0361
153.9737
-4.9548
-7.3327
153.5296
16.0530
-7.2901
153.3227
35.5044
-7.5130
153.0381
56.0195
-7.5189
152.6546
76.4636
-7.6629
152.1019
-83.6321
-20.2123
142.6608
-64.1147
-21.1140
141.8230
-43.9214
-21.3192
141.4298
-25.5872
-21.9634
140.9272
-5.5297
-21.6992
140.8995
15.2993
-22.4650
140.6810
35.4764
-22.6919
139.9702
54.7894
-23.2890
139.5179
75.8269
-23.8242
138.8619
-84.3778
-37.2156
130.7655
-65.5479
-37.5829
130.7480
-44.1628
-38.6221
130.0362
-25.1458
-38.3245
130.4852
-5.2100
-38.5424
130.3194
14.5955
-39.0117
130.0667
34.3032
-40.1174
129.3976
54.6459
-40.6830
129.0985
75.4221
-40.4709
129.2007
-85.6995
-56.4329
123.5206
-65.5486
-56.6969
123.5851
-45.6579
-56.6425
123.4342
-25.3461
-57.6132
123.3427
-5.2359
-58.4438
123.0118
13.8718
-59.1032
122.9554
33.3926
-59.7895
123.0657
53.7188
-60.0629
123.2911
74.6782
-60.4316
123.5175
-86.7092
-75.3894
122.4625
-65.7204
-77.2604
121.9245
-46.0071
-77.2966
121.3325
-25.8987
-77.5002
120.8695
-5.7469
-78.3901
121.1579
13.3577
-78.9739
121.7581
34.1101
-79.3207
122.1589
53.9933
-79.5962
122.8864
74.0892
-80.0756
123.3614
