-0.5424
0.4656
1.0000
-0.4195
0.4586
1.0000
-0.2799
0.4617
1.0000
-0.1562
0.4649
1.0000
-0.0408
0.4614
1.0000
0.1035
0.4534
1.0000
0.2287
0.4541
1.0000
0.3556
0.4423
1.0000
0.4778
0.4586
1.0000
-0.5523
0.3355
1.0000
-0.4088
0.3388
1.0000
-0.2754
0.3290
1.0000
-0.1487
0.3217
1.0000
-0.0326
0.3185
1.0000
0.1102
0.3293
1.0000
0.2282
0.3235
1.0000
0.3629
0.3277
1.0000
0.4859
0.3369
1.0000
-0.5492
0.2012
1.0000
-0.4214
0.2050
1.0000
-0.2790
0.1976
1.0000
-0.1590
0.2025
1.0000
-0.0363
0.2038
1.0000
0.0982
0.1930
1.0000
0.2268
0.2028
1.0000
0.3530
0.2083
1.0000
0.4907
0.2037
1.0000
-0.5449
0.0673
1.0000
-0.4134
0.0626
1.0000
-0.2968
0.0684
1.0000
-0.1599
0.0704
1.0000
-0.0300
0.0648
1.0000
0.1000
0.0691
1.0000
0.2341
0.0771
1.0000
0.3635
0.0735
1.0000
0.4911
0.0815
1.0000
-0.5579
-0.0640
1.0000
-0.4142
-0.0580
1.0000
-0.2890
-0.0595
1.0000
-0.1499
-0.0662
1.0000
-0.0415
-0.0656
1.0000
0.1077
-0.0535
1.0000
0.2260
-0.0585
1.0000
0.3628
-0.0473
1.0000
0.4867
-0.0474
1.0000
-0.5468
-0.1910
1.0000
-0.4186
-0.1965
1.0000
-0.2852
-0.1875
1.0000
-0.1594
-0.1942
1.0000
-0.0339
-0.1824
1.0000
0.0979
-0.1834
1.0000
0.2230
-0.1883
1.0000
0.3496
-0.1823
1.0000
0.4837
-0.1803
1.0000
-0.5336
-0.3226
1.0000
-0.4240
-0.3174
1.0000
-0.2728
-0.3237
1.0000
-0.1515
-0.3248
1.0000
-0.0182
-0.3160
1.0000
0.1027
-0.3128
1.0000
0.2300
-0.3084
1.0000
0.3624
-0.3056
1.0000
0.4748
-0.2937
1.0000
-0.5451
-0.4467
1.0000
-0.4046
-0.4480
1.0000
-0.2906
-0.4496
1.0000
-0.1481
-0.4416
1.0000
-0.0258
-0.4482
1.0000
0.1053
-0.4304
1.0000
0.2236
-0.4355
1.0000
0.3424
-0.4337
1.0000
0.4800
-0.4135
1.0000
-0.5273
-0.5617
1.0000
-0.4005
-0.5665
1.0000
-0.2689
-0.5696
1.0000
-0.1457
-0.5627
1.0000
-0.0139
-0.5507
1.0000
0.1030
-0.5551
1.0000
0.2212
-0.5436
1.0000
0.3351
-0.5401
1.0000
0.4587
-0.5344
1.0000
-83.5804
70.8291
152.2244
-64.2563
70.4424
154.6916
-44.7157
70.5925
156.0141
-25.2627
71.6245
157.2387
-5.7036
71.1505
157.6680
15.2113
71.4324
157.7257
35.5499
71.3966
157.4993
55.8626
71.2719
157.1263
75.7633
73.1100
156.8897
-83.5021
50.8362
152.6259
-63.2326
51.1609
154.4563
-44.0741
51.5750
155.4980
-23.6738
51.5959
156.4204
-4.8282
51.0575
156.9016
16.5405
52.4027
157.2612
36.0796
51.0016
157.2925
56.6821
51.8845
156.9070
75.3769
52.0875
156.7745
-83.3817
30.9944
152.4607
-64.6823
30.6489
153.6747
-44.2997
30.3930
154.7522
-25.1871
31.4303
155.5017
-4.8469
31.5654
156.0655
16.4198
31.2554
156.4080
35.4677
31.5038
156.7802
55.0473
31.8609
156.7690
76.0413
31.8867
156.5584
-83.7679
10.4194
151.9452
-63.5966
10.2785
152.7664
-44.0957
10.8376
153.6369
-24.2532
10.7700
154.4614
-4.4801
11.3339
154.9519
15.2143
11.3146
155.5470
35.8528
12.3599
155.8027
55.6976
11.7231
155.9478
75.5640
12.3160
156.6821
-83.3671
-9.3672
151.5596
-63.4006
-8.6501
152.4660
-44.3397
-9.1317
153.1518
-24.0537
-9.0986
153.6805
-4.9281
-9.0355
154.3633
16.0664
-8.4862
154.9423
35.6418
-8.1467
155.5585
55.9967
-7.7586
156.2346
76.5294
-7.5527
156.8514
-83.0605
-28.3771
152.0720
-63.4108
-28.9925
152.5961
-43.2220
-28.7795
153.1309
-24.9003
-28.8673
153.7944
-4.7634
-28.1849
154.3753
16.1685
-28.1097
155.5299
36.1701
-28.2392
156.0460
55.4728
-28.2876
157.0126
76.5461
-28.3894
158.0143
-83.1645
-49.0647
152.8539
-64.2447
-48.7727
153.4590
-42.8581
-49.4145
153.9113
-23.7855
-48.3188
154.6708
-4.0192
-47.9013
155.3563
15.8938
-47.8649
156.2173
35.5456
-48.4625
157.2633
55.8982
-48.4974
158.3635
76.5803
-47.4921
159.5442
-83.7546
-69.4681
154.5364
-63.6652
-69.0090
155.1105
-43.7454
-68.4716
155.3881
-23.4369
-68.7252
156.3542
-3.4058
-68.9948
157.0956
15.7725
-68.9746
158.2325
35.2276
-68.9166
159.3852
55.5005
-68.6258
160.6020
76.3945
-68.0280
161.6388
-84.2843
-88.1541
156.9756
-63.2523
-89.4558
157.3506
-43.5441
-88.8813
157.5776
-23.4107
-88.4788
158.6030
-3.4514
-88.6721
159.6862
15.7328
-88.5618
160.9097
36.4153
-88.1816
162.0583
56.3200
-87.6654
163.4117
76.4208
-87.3928
164.4182
