-0.3514
0.1555
1.0000
-0.2806
0.1852
1.0000
-0.1950
0.2230
1.0000
-0.1072
0.2573
1.0000
-0.0265
0.3010
1.0000
0.0781
0.3317
1.0000
0.2052
0.3563
1.0000
0.3021
0.3905
1.0000
0.4161
0.4252
1.0000
-0.3885
0.1231
1.0000
-0.3112
0.1457
1.0000
-0.2221
0.1801
1.0000
-0.1232
0.2291
1.0000
-0.0268
0.2552
1.0000
0.0894
0.2919
1.0000
0.2064
0.3048
1.0000
0.3317
0.3191
1.0000
0.4447
0.3399
1.0000
-0.4335
0.0613
1.0000
-0.3560
0.0954
1.0000
-0.2585
0.1234
1.0000
-0.1559
0.1602
1.0000
-0.0362
0.1875
1.0000
0.1063
0.1937
1.0000
0.2238
0.2155
1.0000
0.3431
0.2291
1.0000
0.4745
0.2347
1.0000
-0.4869
-0.0082
1.0000
-0.3755
0.0243
1.0000
-0.2751
0.0518
1.0000
-0.1574
0.0697
1.0000
-0.0325
0.0907
1.0000
0.1031
0.1055
1.0000
0.2379
0.1230
1.0000
0.3717
0.1110
1.0000
0.4931
0.1196
1.0000
-0.5373
-0.1002
1.0000
-0.4276
-0.0581
1.0000
-0.3003
-0.0589
1.0000
-0.1659
-0.0328
1.0000
-0.0315
-0.0288
1.0000
0.1155
-0.0240
1.0000
0.2542
-0.0136
1.0000
0.3824
-0.0276
1.0000
0.4763
-0.0198
1.0000
-0.5806
-0.1901
1.0000
-0.4522
-0.1902
1.0000
-0.3245
-0.1839
1.0000
-0.1829
-0.1844
1.0000
-0.0287
-0.1631
1.0000
0.1268
-0.1658
1.0000
0.2603
-0.1579
1.0000
0.3579
-0.1526
1.0000
0.4525
-0.1370
1.0000
-0.6358
-0.3515
1.0000
-0.4841
-0.3482
1.0000
-0.3127
-0.3361
1.0000
-0.1733
-0.3249
1.0000
-0.0147
-0.3211
1.0000
0.1393
-0.3090
1.0000
0.2398
-0.2943
1.0000
0.3337
-0.2797
1.0000
0.4159
-0.2342
1.0000
-0.6696
-0.5381
1.0000
-0.4981
-0.5135
1.0000
-0.3216
-0.5061
1.0000
-0.1615
-0.4975
1.0000
-0.0148
-0.4788
1.0000
0.1135
-0.4347
1.0000
0.2071
-0.3988
1.0000
0.2871
-0.3637
1.0000
0.3486
-0.3145
1.0000
-0.6925
-0.7267
1.0000
-0.5007
-0.7045
1.0000
-0.3223
-0.6807
1.0000
-0.1562
-0.6428
1.0000
-0.0329
-0.5969
1.0000
0.0774
-0.5378
1.0000
0.1649
-0.4737
1.0000
0.2298
-0.4028
1.0000
0.2912
-0.3546
1.0000
-75.1257
32.8380
216.0034
-57.5352
38.6228
209.8368
-39.9902
45.0721
203.5914
-22.2128
51.3494
198.5681
-5.1190
56.9774
191.8174
14.9766
62.2193
186.5727
34.4069
65.9291
182.2061
53.9998
69.2413
177.8735
73.4643
73.7151
175.3623
-77.4564
22.9754
198.8920
-58.9530
29.0804
192.8789
-41.6223
35.0780
187.3551
-22.7707
40.3935
181.4494
-5.0077
44.3770
176.2002
15.7152
49.0515
172.6816
34.7928
50.8224
168.2614
54.9225
54.2021
165.2943
73.4273
56.0446
163.4651
-79.7886
12.3343
181.9134
-62.1690
17.0296
176.5842
-43.3042
21.8732
170.5352
-24.9992
26.6180
166.8551
-5.2593
30.1140
162.9599
15.5935
32.4753
159.4190
34.5223
34.5721
157.4013
54.0156
36.2990
156.0080
74.9814
37.1861
156.0307
-81.6213
-0.1471
165.5865
-62.3336
4.3564
160.3933
-43.5499
8.4270
156.5484
-24.1628
11.0471
153.1247
-4.6122
13.6613
150.8905
15.0126
15.2122
149.3658
35.6083
17.2825
148.8381
55.6200
17.1757
149.5913
75.1426
17.6196
153.4417
-81.7815
-13.2502
150.9392
-62.3398
-9.5350
147.6032
-43.5866
-7.5464
144.3520
-23.3696
-5.7302
142.4782
-4.3074
-4.5996
141.5745
16.7317
-3.3078
141.9359
36.2489
-2.6185
143.7083
56.3329
-2.3426
147.9233
75.6213
-2.3656
154.6501
-81.2598
-27.8170
138.6879
-61.8990
-26.2515
136.0459
-41.7258
-24.6022
134.7202
-23.4007
-24.1057
134.5824
-3.3006
-22.7707
135.5262
17.5338
-22.6333
138.3101
36.8404
-22.8001
142.3516
54.9637
-22.7847
149.9209
73.7605
-22.5078
160.7771
-80.7873
-45.4598
127.7909
-61.9259
-44.2761
127.3814
-40.5175
-44.1362
127.7329
-21.4978
-42.7957
129.7948
-1.8780
-42.3458
132.5410
17.4428
-42.5135
137.8505
35.2034
-43.0666
145.4705
53.1595
-42.2097
156.7063
69.8774
-39.5016
169.1136
-80.5258
-64.3899
119.8143
-60.3788
-63.7337
121.6820
-40.7217
-62.9690
123.9124
-20.6542
-63.2877
127.9492
-1.3204
-63.6544
133.6375
15.9898
-63.2661
142.3571
31.6679
-61.8904
153.2445
48.0102
-59.6493
166.3804
63.2186
-55.6014
180.1173
-80.2003
-82.9045
115.7327
-59.5882
-84.1497
118.7763
-40.0814
-83.5813
122.8115
-20.5777
-83.1481
128.2295
-3.5893
-82.5977
138.4548
11.6781
-80.4585
150.7431
26.8438
-76.8936
165.0050
40.8228
-72.6323
178.6362
54.4344
-68.0014
192.5305
