-0.6827
0.5820
1.0000
-0.4803
0.5472
1.0000
-0.3159
0.5302
1.0000
-0.1613
0.5117
1.0000
-0.0291
0.4877
1.0000
0.1099
0.4515
1.0000
0.2090
0.4146
1.0000
0.3129
0.3858
1.0000
0.3793
0.3555
1.0000
-0.6629
0.3987
1.0000
-0.4713
0.3919
1.0000
-0.3047
0.3831
1.0000
-0.1495
0.3547
1.0000
-0.0097
0.3448
1.0000
0.1294
0.3294
1.0000
0.2361
0.3020
1.0000
0.3402
0.2715
1.0000
0.4074
0.2540
1.0000
-0.6462
0.2221
1.0000
-0.4790
0.2110
1.0000
-0.3132
0.2020
1.0000
-0.1535
0.2033
1.0000
-0.0135
0.1892
1.0000
0.1285
0.1895
1.0000
0.2553
0.1780
1.0000
0.3491
0.1797
1.0000
0.4428
0.1659
1.0000
-0.6280
0.0719
1.0000
-0.4643
0.0571
1.0000
-0.3091
0.0581
1.0000
-0.1596
0.0337
1.0000
-0.0036
0.0468
1.0000
0.1229
0.0570
1.0000
0.2575
0.0505
1.0000
0.3638
0.0453
1.0000
0.4659
0.0440
1.0000
-0.5799
-0.0634
1.0000
-0.4460
-0.0652
1.0000
-0.3003
-0.0773
1.0000
-0.1581
-0.0864
1.0000
-0.0263
-0.0893
1.0000
0.1125
-0.0945
1.0000
0.2451
-0.0882
1.0000
0.3683
-0.0836
1.0000
0.4806
-0.0717
1.0000
-0.5331
-0.1421
1.0000
-0.4205
-0.1677
1.0000
-0.2789
-0.1789
1.0000
-0.1765
-0.2018
1.0000
-0.0270
-0.1948
1.0000
0.1078
-0.2054
1.0000
0.2158
-0.2086
1.0000
0.3458
-0.2041
1.0000
0.4703
-0.2063
1.0000
-0.5021
-0.2148
1.0000
-0.3952
-0.2431
1.0000
-0.2659
-0.2522
1.0000
-0.1462
-0.2751
1.0000
-0.0430
-0.2753
1.0000
0.0815
-0.2968
1.0000
0.1994
-0.3057
1.0000
0.3201
-0.3135
1.0000
0.4439
-0.3113
1.0000
-0.4643
-0.2727
1.0000
-0.3615
-0.2831
1.0000
-0.2589
-0.3018
1.0000
-0.1507
-0.3259
1.0000
-0.0459
-0.3453
1.0000
0.0661
-0.3667
1.0000
0.1819
-0.3825
1.0000
0.2902
-0.3895
1.0000
0.4105
-0.3958
1.0000
-0.4418
-0.3013
1.0000
-0.3397
-0.3230
1.0000
-0.2368
-0.3379
1.0000
-0.1406
-0.3619
1.0000
-0.0467
-0.3981
1.0000
0.0520
-0.4141
1.0000
0.1710
-0.4297
1.0000
0.2756
-0.4382
1.0000
0.3717
-0.4494
1.0000
-77.0008
65.9420
114.0412
-58.1741
65.6052
119.3221
-39.5167
65.7177
125.4318
-21.0957
66.8676
131.6860
-2.7619
66.1496
138.7877
16.1940
66.1192
147.9491
33.7424
65.2074
158.1690
51.0316
63.9056
168.8133
67.4377
64.3857
180.4735
-77.2548
46.0171
115.7916
-57.5146
46.2974
120.1783
-38.9182
46.7325
124.6524
-19.2023
46.7549
130.7745
-1.1705
46.1775
136.3560
18.8011
47.3911
144.2956
36.7248
45.8189
152.1988
54.9494
46.1051
161.9942
70.9380
45.4657
171.5318
-78.5640
26.7456
120.9610
-59.8589
25.9799
123.8944
-39.7945
25.5816
127.5517
-21.0589
26.5101
131.3187
-1.3886
26.6928
136.0228
19.2413
26.2899
142.0955
37.3253
26.5086
148.4635
55.4439
26.7309
156.0690
74.2074
26.3359
164.4834
-80.6182
8.2735
129.7939
-60.6092
6.9418
130.9568
-40.9388
6.7115
132.8065
-21.2915
6.1004
135.6394
-1.6526
6.4313
138.9118
17.6060
6.3151
142.9588
37.7224
7.3001
147.7825
56.7551
6.6538
153.2754
75.2966
7.1815
160.9348
-81.8901
-8.1182
141.0231
-61.9425
-9.4072
140.6485
-42.9240
-11.2967
141.4910
-22.6310
-12.4599
142.8496
-3.6117
-13.1669
144.6285
17.3050
-13.2457
147.2974
36.7270
-13.0837
150.4813
56.7341
-12.9273
154.5003
76.6347
-12.7654
159.3842
-83.1015
-22.1098
153.6238
-63.6605
-25.3462
153.0858
-43.5486
-27.6078
152.5692
-25.3363
-29.4370
152.6158
-5.1285
-30.3490
152.9719
15.8134
-31.4478
154.8020
35.8252
-32.3302
156.3657
54.9189
-32.9434
158.8247
75.9185
-33.5142
162.2461
-84.3656
-36.2669
168.9304
-65.6514
-39.1427
167.4216
-44.7435
-42.9762
166.5424
-25.5653
-44.7211
165.0572
-6.0690
-46.6424
164.2232
13.8081
-48.4479
164.3565
33.4284
-50.4852
165.4910
53.7319
-51.7693
166.3842
74.6585
-51.7413
168.1596
-86.0002
-49.0438
184.6673
-66.1940
-52.1332
182.7790
-46.7042
-55.4746
180.6755
-26.6813
-58.9358
179.4556
-6.9799
-62.4175
178.2375
12.1903
-64.9478
177.6992
31.4698
-67.0978
177.3187
51.7473
-68.8822
177.1729
72.6472
-70.1313
177.2797
-87.3114
-60.2206
199.7907
-66.3213
-64.2279
199.9323
-47.1331
-67.4670
197.6274
-27.4656
-71.2769
195.2689
-8.2527
-75.4370
193.1353
10.8448
-78.8044
191.8470
31.3912
-81.5796
190.5938
51.1926
-83.7954
189.6021
70.9698
-85.8798
188.8556
