-0.4703
0.3871
1.0000
-0.3543
0.3722
1.0000
-0.2386
0.3845
1.0000
-0.1271
0.3834
1.0000
-0.0252
0.3681
1.0000
0.1017
0.3685
1.0000
0.2040
0.3719
1.0000
0.3343
0.3569
1.0000
0.4388
0.3766
1.0000
-0.4549
0.2726
1.0000
-0.3435
0.2666
1.0000
-0.2414
0.2777
1.0000
-0.1265
0.2543
1.0000
-0.0101
0.2602
1.0000
0.1071
0.2650
1.0000
0.2207
0.2459
1.0000
0.3315
0.2520
1.0000
0.4383
0.2490
1.0000
-0.4637
0.1592
1.0000
-0.3630
0.1541
1.0000
-0.2471
0.1519
1.0000
-0.1291
0.1552
1.0000
-0.0199
0.1538
1.0000
0.1017
0.1534
1.0000
0.2082
0.1460
1.0000
0.3199
0.1544
1.0000
0.4471
0.1500
1.0000
-0.4710
0.0547
1.0000
-0.3699
0.0426
1.0000
-0.2707
0.0534
1.0000
-0.1363
0.0401
1.0000
-0.0314
0.0494
1.0000
0.0984
0.0455
1.0000
0.2170
0.0459
1.0000
0.3296
0.0517
1.0000
0.4455
0.0461
1.0000
-0.5043
-0.0491
1.0000
-0.3859
-0.0559
1.0000
-0.2767
-0.0563
1.0000
-0.1465
-0.0579
1.0000
-0.0218
-0.0621
1.0000
0.1057
-0.0680
1.0000
0.2197
-0.0657
1.0000
0.3612
-0.0576
1.0000
0.4835
-0.0622
1.0000
-0.5418
-0.1641
1.0000
-0.4178
-0.1805
1.0000
-0.2936
-0.1652
1.0000
-0.1670
-0.1756
1.0000
-0.0310
-0.1797
1.0000
0.1054
-0.1885
1.0000
0.2375
-0.1869
1.0000
0.3775
-0.1832
1.0000
0.5105
-0.1899
1.0000
-0.5774
-0.3043
1.0000
-0.4495
-0.3062
1.0000
-0.3122
-0.3098
1.0000
-0.1879
-0.3149
1.0000
-0.0431
-0.3129
1.0000
0.1037
-0.3098
1.0000
0.2483
-0.3227
1.0000
0.4000
-0.3258
1.0000
0.5491
-0.3239
1.0000
-0.6337
-0.4637
1.0000
-0.4951
-0.4657
1.0000
-0.3390
-0.4668
1.0000
-0.1914
-0.4774
1.0000
-0.0373
-0.4758
1.0000
0.1113
-0.4889
1.0000
0.2484
-0.4931
1.0000
0.4134
-0.4939
1.0000
0.5776
-0.4964
1.0000
-0.6800
-0.6273
1.0000
-0.5226
-0.6393
1.0000
-0.3724
-0.6415
1.0000
-0.2104
-0.6436
1.0000
-0.0569
-0.6499
1.0000
0.1061
-0.6614
1.0000
0.2765
-0.6756
1.0000
0.4327
-0.6669
1.0000
0.6056
-0.6718
1.0000
-81.1836
67.8528
174.8248
-61.7220
67.0713
175.7105
-42.1188
66.6263
175.9755
-22.6063
67.1615
176.4093
-3.0358
66.1566
177.1761
17.8502
65.8688
177.4965
38.1512
65.2191
177.9474
58.5231
64.4669
178.3414
78.5134
65.7357
178.6088
-81.6287
48.2700
177.7781
-61.2951
47.9499
177.9634
-42.1369
47.8308
177.7902
-21.6749
47.2558
177.9514
-2.8113
46.2294
177.8888
18.6099
46.9223
178.0811
38.0736
44.9653
177.9569
58.6951
45.2267
177.7771
77.3986
44.8465
177.7565
-82.0767
28.6331
176.2269
-63.3596
27.7823
175.9931
-42.9419
26.9101
175.6514
-23.8197
27.5013
175.5895
-3.4347
27.1155
175.1837
17.7553
26.2231
174.7060
36.8814
25.9644
174.6289
56.4334
25.7455
174.2211
77.4605
25.2958
173.7184
-83.1112
8.8913
170.9219
-62.8556
8.3109
170.2271
-43.4015
8.5185
169.8408
-23.5787
7.9086
169.2244
-3.7675
7.9985
168.7577
15.8981
7.5626
168.3095
36.5186
8.0385
167.9597
56.5118
7.0175
167.1603
76.2734
7.0335
166.7979
-83.3837
-9.2007
163.0924
-63.3916
-8.9537
162.7628
-44.3685
-9.6166
161.8295
-24.0710
-10.0165
160.8586
-4.9503
-10.3126
160.1546
16.0593
-10.2537
159.5810
35.6513
-10.2465
159.1207
55.9799
-10.1988
158.4141
76.5167
-10.4915
157.5779
-83.6723
-26.1345
154.5862
-64.1171
-26.8301
153.2793
-43.9051
-26.8481
152.2740
-25.6053
-27.3351
151.4131
-5.4482
-26.8928
150.8432
15.3370
-27.3405
150.0937
35.4788
-27.5366
148.9399
54.7963
-27.8555
148.0100
75.7653
-28.2669
146.8961
-84.4716
-44.1853
144.5547
-65.6341
-44.0821
143.4712
-44.2762
-44.6299
141.8710
-25.2315
-44.0696
141.6201
-5.3287
-43.9800
140.7870
14.4807
-44.0492
139.8072
34.0985
-44.8103
138.4726
54.4705
-45.1533
137.4594
75.2261
-44.7366
137.1220
-85.7609
-62.5468
135.5225
-65.7151
-62.1731
134.2318
-45.7865
-61.5489
133.0078
-25.5204
-61.9309
131.7016
-5.5008
-62.3101
130.3788
13.6532
-62.6079
129.5754
33.1853
-62.9902
128.8195
53.4063
-63.1149
128.2608
74.4657
-63.2465
127.9736
-86.6301
-80.3458
129.1466
-65.7348
-81.1633
126.4498
-46.1119
-80.3866
124.5024
-26.1031
-79.7700
122.7844
-5.9710
-80.3280
121.9757
13.1510
-80.9281
121.7583
33.9247
-81.1217
121.5986
53.8672
-81.3403
121.6730
73.9647
-81.7840
121.4749
