-0.4978
0.3619
1.0000
-0.3831
0.3566
1.0000
-0.2622
0.3477
1.0000
-0.1537
0.3518
1.0000
-0.0356
0.3577
1.0000
0.0864
0.3641
1.0000
0.2057
0.3532
1.0000
0.3114
0.3484
1.0000
0.4150
0.3582
1.0000
-0.5281
0.3015
1.0000
-0.4028
0.2984
1.0000
-0.2765
0.3056
1.0000
-0.1463
0.3041
1.0000
-0.0304
0.3010
1.0000
0.0917
0.2954
1.0000
0.2285
0.2858
1.0000
0.3456
0.2978
1.0000
0.4601
0.2809
1.0000
-0.5690
0.2150
1.0000
-0.4410
0.2099
1.0000
-0.2932
0.2098
1.0000
-0.1622
0.2089
1.0000
-0.0254
0.1985
1.0000
0.1176
0.1938
1.0000
0.2389
0.1996
1.0000
0.3614
0.1922
1.0000
0.4906
0.1881
1.0000
-0.6063
0.0808
1.0000
-0.4376
0.0769
1.0000
-0.3094
0.0849
1.0000
-0.1602
0.0788
1.0000
-0.0176
0.0830
1.0000
0.1135
0.0759
1.0000
0.2556
0.0772
1.0000
0.3786
0.0660
1.0000
0.5145
0.0824
1.0000
-0.6220
-0.0620
1.0000
-0.4517
-0.0563
1.0000
-0.3152
-0.0718
1.0000
-0.1621
-0.0627
1.0000
-0.0218
-0.0624
1.0000
0.1088
-0.0679
1.0000
0.2515
-0.0525
1.0000
0.3924
-0.0563
1.0000
0.5146
-0.0584
1.0000
-0.5940
-0.2025
1.0000
-0.4493
-0.1949
1.0000
-0.3011
-0.1984
1.0000
-0.1735
-0.1952
1.0000
-0.0284
-0.2011
1.0000
0.1137
-0.2042
1.0000
0.2478
-0.1906
1.0000
0.3676
-0.1963
1.0000
0.5014
-0.1919
1.0000
-0.5669
-0.3144
1.0000
-0.4401
-0.3165
1.0000
-0.2920
-0.3131
1.0000
-0.1583
-0.3100
1.0000
-0.0281
-0.3062
1.0000
0.0965
-0.2942
1.0000
0.2101
-0.2999
1.0000
0.3531
-0.3058
1.0000
0.4734
-0.2892
1.0000
-0.5522
-0.4050
1.0000
-0.4127
-0.3869
1.0000
-0.2769
-0.3972
1.0000
-0.1449
-0.4088
1.0000
-0.0419
-0.3974
1.0000
0.0909
-0.4009
1.0000
0.1967
-0.3963
1.0000
0.3302
-0.3914
1.0000
0.4420
-0.3908
1.0000
-0.5297
-0.4822
1.0000
-0.3891
-0.4692
1.0000
-0.2640
-0.4525
1.0000
-0.1553
-0.4527
1.0000
-0.0318
-0.4600
1.0000
0.0677
-0.4534
1.0000
0.1841
-0.4577
1.0000
0.2971
-0.4568
1.0000
0.4080
-0.4570
1.0000
-84.3257
60.8193
169.4116
-64.5096
60.8160
170.7589
-44.8955
61.0209
172.0003
-25.6153
61.6879
173.8648
-6.1610
62.0101
174.3924
14.7603
62.4661
175.6483
34.9927
62.6145
176.6118
55.4097
62.7184
177.7570
75.2593
64.0705
180.4191
-82.6531
47.1327
155.5979
-62.7555
47.0514
156.9780
-43.4495
47.7300
158.3297
-23.1334
47.7340
159.6828
-4.2406
47.3569
160.5595
16.9834
48.2443
162.8414
36.4238
47.0051
163.3634
57.0703
47.7375
165.2544
75.6499
47.6584
166.9581
-81.9572
30.7560
143.9089
-63.4172
30.4455
144.9962
-43.0174
29.9779
146.3476
-23.9199
30.7391
148.3411
-3.6380
30.7242
150.0762
17.5555
30.1255
151.6902
36.5890
30.0919
153.6001
56.0770
30.2135
155.3093
77.0680
29.7308
157.2650
-82.0134
11.6536
135.9085
-61.8149
11.2335
137.5778
-42.3657
11.5471
139.4841
-22.6753
11.1517
141.3912
-2.9699
11.4044
143.3117
16.6771
11.1309
145.2617
37.2017
11.8532
147.2790
57.0433
10.9307
148.9343
76.7635
11.2409
151.1186
-81.6034
-8.1370
133.6218
-61.7858
-7.7171
135.8519
-42.7976
-8.4565
137.8329
-22.6006
-8.7925
139.5776
-3.5309
-8.9987
141.6690
17.3392
-8.7719
143.7066
36.8252
-8.7311
145.7147
57.1730
-8.6278
147.7137
77.5188
-8.7898
149.5674
-82.0647
-27.0212
137.0083
-62.4249
-27.9370
139.0212
-42.3037
-28.0397
140.7978
-24.0409
-28.4672
142.7836
-4.0620
-28.0138
144.3845
16.7703
-28.2671
146.9990
36.7474
-28.5861
148.8384
55.9348
-28.9810
150.9463
76.9693
-29.4045
153.2200
-83.1682
-46.2371
144.7416
-64.2471
-46.2274
146.4660
-43.0975
-47.2278
148.5779
-23.9753
-46.5601
150.0626
-4.3547
-46.5303
151.7611
15.4990
-46.7484
153.6726
35.0377
-47.7125
155.9215
55.2559
-48.0607
157.8187
76.0718
-47.4768
159.9336
-84.9640
-63.6137
155.5228
-65.0773
-63.2475
157.5488
-45.1514
-63.2122
159.0475
-24.9405
-63.6945
161.1457
-5.0105
-64.5090
162.7924
14.1687
-65.0522
164.5383
33.3481
-65.4726
165.8671
53.7474
-65.7267
167.7511
74.5589
-65.6862
169.2545
-86.9907
-78.5373
166.6830
-66.0841
-79.2912
170.4191
-46.6175
-78.9844
172.0511
-26.3663
-79.1531
173.4043
-6.5700
-80.1342
174.9167
12.6170
-80.7672
176.3212
33.4589
-81.3502
177.5665
53.2955
-81.5144
178.8185
73.2718
-81.9141
180.1907
