-0.3994
0.2939
1.0000
-0.3140
0.3175
1.0000
-0.2133
0.3370
1.0000
-0.1157
0.3621
1.0000
-0.0251
0.3772
1.0000
0.1124
0.3944
1.0000
0.2235
0.4086
1.0000
0.3512
0.4232
1.0000
0.4811
0.4462
1.0000
-0.4395
0.2384
1.0000
-0.3420
0.2591
1.0000
-0.2462
0.2653
1.0000
-0.1323
0.2918
1.0000
-0.0160
0.2929
1.0000
0.1072
0.3113
1.0000
0.2230
0.3288
1.0000
0.3622
0.3338
1.0000
0.4918
0.3384
1.0000
-0.4751
0.1632
1.0000
-0.3786
0.1640
1.0000
-0.2622
0.1690
1.0000
-0.1485
0.1968
1.0000
-0.0306
0.2031
1.0000
0.1131
0.1986
1.0000
0.2446
0.2069
1.0000
0.3646
0.2159
1.0000
0.5102
0.2154
1.0000
-0.5285
0.0526
1.0000
-0.4015
0.0714
1.0000
-0.2954
0.0796
1.0000
-0.1647
0.0782
1.0000
-0.0272
0.0792
1.0000
0.1129
0.0926
1.0000
0.2470
0.0737
1.0000
0.3833
0.0830
1.0000
0.5119
0.0885
1.0000
-0.5534
-0.0570
1.0000
-0.4373
-0.0528
1.0000
-0.3129
-0.0427
1.0000
-0.1694
-0.0616
1.0000
-0.0262
-0.0492
1.0000
0.1060
-0.0598
1.0000
0.2466
-0.0570
1.0000
0.3775
-0.0479
1.0000
0.4971
-0.0444
1.0000
-0.5846
-0.1777
1.0000
-0.4396
-0.1960
1.0000
-0.3133
-0.1866
1.0000
-0.1711
-0.1850
1.0000
-0.0413
-0.1951
1.0000
0.1100
-0.1909
1.0000
0.2495
-0.1845
1.0000
0.3627
-0.1758
1.0000
0.4684
-0.1716
1.0000
-0.5986
-0.3206
1.0000
-0.4517
-0.3409
1.0000
-0.3076
-0.3398
1.0000
-0.1624
-0.3272
1.0000
-0.0279
-0.3251
1.0000
0.1061
-0.3113
1.0000
0.2278
-0.3001
1.0000
0.3501
-0.2893
1.0000
0.4377
-0.2677
1.0000
-0.6058
-0.5004
1.0000
-0.4472
-0.4725
1.0000
-0.3171
-0.4701
1.0000
-0.1592
-0.4587
1.0000
-0.0352
-0.4556
1.0000
0.0945
-0.4308
1.0000
0.1960
-0.4111
1.0000
0.2984
-0.3785
1.0000
0.3974
-0.3584
1.0000
-0.6026
-0.6197
1.0000
-0.4450
-0.6094
1.0000
-0.3029
-0.5968
1.0000
-0.1660
-0.5801
1.0000
-0.0356
-0.5378
1.0000
0.0780
-0.5234
1.0000
0.1765
-0.4768
1.0000
0.2752
-0.4429
1.0000
0.3596
-0.4060
1.0000
-78.2443
56.8266
195.1377
-59.5702
58.8999
189.7897
-40.7945
61.3721
184.4047
-22.0210
64.2515
180.0371
-3.2555
65.8317
174.7082
17.2571
67.7768
170.2888
37.1205
68.6343
166.5441
57.1258
69.5049
163.0321
76.8967
71.8579
160.7127
-79.9766
42.0578
181.8822
-60.5081
44.3221
176.8499
-41.8407
46.7503
172.2665
-22.0079
48.2470
167.6248
-3.5284
49.0029
163.5388
17.6577
51.0892
160.6888
36.8931
50.3562
157.3188
57.3538
51.7551
154.7733
75.9906
52.2028
153.0089
-81.4125
26.5013
169.5075
-63.1719
27.6709
165.1306
-43.2134
28.6677
160.8401
-24.3183
30.5357
158.1093
-4.1830
31.4003
155.1412
16.9090
31.4738
152.4966
36.0154
31.9159
151.0049
55.5254
32.2545
149.6878
76.5574
32.2403
148.9521
-82.8620
9.1431
158.4823
-62.9462
9.9673
154.8007
-43.6732
11.2237
152.1882
-23.9128
11.3913
150.0033
-4.1675
12.1434
148.4960
15.5288
12.0745
147.5327
36.1838
13.0640
146.9685
56.1064
12.1994
147.0200
75.9179
12.5483
148.7587
-83.1562
-8.6596
149.6410
-63.2768
-7.6284
147.8727
-44.1790
-7.9023
146.1058
-23.9226
-7.8866
145.0357
-4.7597
-7.9384
144.7265
16.2679
-7.6583
145.0106
35.8887
-7.5218
146.0820
56.2097
-7.3781
148.3476
76.3302
-7.2337
151.7012
-83.0245
-26.8379
143.9696
-63.3954
-27.3662
142.8797
-43.1711
-27.2770
142.4917
-24.8205
-27.6872
142.8612
-4.7120
-27.1494
143.6080
16.1538
-27.2919
145.7189
36.0168
-27.4383
148.1792
54.8859
-27.4329
152.4196
75.3300
-27.1063
158.3931
-83.1680
-47.2486
140.0531
-64.2489
-47.1499
140.5911
-42.9424
-48.0213
141.5323
-23.9203
-47.1255
143.1375
-4.2188
-46.8876
145.1651
15.3281
-46.8906
148.4309
34.4352
-47.2167
153.4651
53.9527
-46.4539
159.4164
73.6191
-44.3598
166.5555
-83.9033
-67.6786
138.9728
-63.8660
-67.4788
140.8750
-44.0546
-67.1167
142.8390
-23.8669
-67.5158
145.7626
-4.2047
-67.5891
149.4581
14.3474
-67.0319
155.0803
32.4568
-66.1354
161.3423
51.8476
-64.3819
169.3186
70.4980
-61.8837
176.8993
-84.6865
-86.5580
140.4743
-63.8586
-87.8970
143.5279
-44.1943
-87.4382
146.4749
-24.5022
-86.8703
150.3323
-5.7174
-86.1197
156.4737
12.0915
-84.6559
163.9737
31.5980
-82.4028
172.2443
49.6400
-79.9053
180.5472
67.2174
-77.3048
188.5650
