-0.4765
0.4307
1.0000
-0.3591
0.4247
1.0000
-0.2382
0.4073
1.0000
-0.1317
0.4077
1.0000
-0.0059
0.3867
1.0000
0.1109
0.3790
1.0000
0.2285
0.3697
1.0000
0.3454
0.3595
1.0000
0.4501
0.3467
1.0000
-0.5169
0.3496
1.0000
-0.3849
0.3409
1.0000
-0.2567
0.3258
1.0000
-0.1269
0.3305
1.0000
-0.0163
0.3085
1.0000
0.1253
0.3042
1.0000
0.2491
0.2977
1.0000
0.3747
0.2834
1.0000
0.4870
0.2776
1.0000
-0.5547
0.2340
1.0000
-0.4145
0.2235
1.0000
-0.2809
0.2274
1.0000
-0.1578
0.2115
1.0000
-0.0257
0.2050
1.0000
0.1273
0.2049
1.0000
0.2572
0.1823
1.0000
0.3794
0.1692
1.0000
0.5096
0.1642
1.0000
-0.5815
0.0982
1.0000
-0.4323
0.0956
1.0000
-0.2962
0.0837
1.0000
-0.1600
0.0789
1.0000
-0.0268
0.0810
1.0000
0.1060
0.0703
1.0000
0.2595
0.0655
1.0000
0.3872
0.0500
1.0000
0.5312
0.0434
1.0000
-0.5754
-0.0336
1.0000
-0.4369
-0.0361
1.0000
-0.3035
-0.0450
1.0000
-0.1569
-0.0649
1.0000
-0.0323
-0.0687
1.0000
0.1097
-0.0787
1.0000
0.2438
-0.0771
1.0000
0.3893
-0.0849
1.0000
0.5241
-0.0926
1.0000
-0.5695
-0.1654
1.0000
-0.4359
-0.1727
1.0000
-0.2962
-0.1842
1.0000
-0.1703
-0.1877
1.0000
-0.0383
-0.1843
1.0000
0.0981
-0.1972
1.0000
0.2358
-0.2104
1.0000
0.3686
-0.2251
1.0000
0.5126
-0.2339
1.0000
-0.5514
-0.2758
1.0000
-0.4183
-0.2782
1.0000
-0.2903
-0.2990
1.0000
-0.1721
-0.3109
1.0000
-0.0414
-0.3114
1.0000
0.0875
-0.3082
1.0000
0.2092
-0.3248
1.0000
0.3494
-0.3323
1.0000
0.4816
-0.3457
1.0000
-0.5292
-0.3609
1.0000
-0.4131
-0.3713
1.0000
-0.2952
-0.3853
1.0000
-0.1604
-0.3893
1.0000
-0.0328
-0.4010
1.0000
0.0798
-0.4105
1.0000
0.1928
-0.4197
1.0000
0.3206
-0.4349
1.0000
0.4439
-0.4297
1.0000
-0.4984
-0.4266
1.0000
-0.3778
-0.4274
1.0000
-0.2666
-0.4406
1.0000
-0.1543
-0.4439
1.0000
-0.0464
-0.4675
1.0000
0.0647
-0.4740
1.0000
0.1882
-0.4906
1.0000
0.3046
-0.4964
1.0000
0.4109
-0.5054
1.0000
-79.5374
70.7498
163.4397
-60.0760
69.1877
164.2780
-40.4512
68.1335
165.0387
-20.9889
67.5370
166.6977
-1.5973
65.8851
167.5370
19.2982
64.6733
169.0267
39.5289
62.9587
170.4894
59.6070
61.1580
171.8941
79.5032
60.9541
174.6515
-79.9748
53.7300
153.0315
-59.6734
52.6200
154.1456
-40.4363
51.8343
154.9916
-20.1343
50.5073
155.9344
-1.3030
48.7973
156.6764
20.0253
48.3228
158.6317
39.4392
45.6845
159.2946
59.9773
44.9658
160.9396
78.6029
43.6649
162.3782
-80.6923
35.2038
145.3575
-62.0195
33.6200
146.1907
-41.6882
32.0392
147.1278
-22.5160
31.7559
148.3210
-2.2167
30.7050
149.2598
18.9518
28.9175
150.1304
37.9914
27.9155
151.3078
57.4992
26.9052
152.2250
78.4705
25.5873
153.2103
-82.2488
14.8397
141.8984
-62.0831
13.5240
142.4215
-42.5313
12.8126
143.1010
-22.7830
11.4711
143.8477
-3.0131
10.7789
144.5604
16.6454
9.5365
145.4278
37.3138
9.2657
146.1889
57.1245
7.3942
146.7319
76.9213
6.6669
147.7233
-83.0457
-4.9808
142.5605
-63.0861
-5.5058
142.9893
-44.1330
-7.1799
143.4232
-23.8491
-8.5026
143.6777
-4.7606
-9.6006
144.1034
16.2135
-10.4254
144.4966
35.7656
-11.2441
144.9882
56.1922
-12.1415
145.4985
76.6029
-13.2705
145.8585
-84.0864
-23.5034
147.1875
-64.4868
-25.4142
147.3060
-44.3271
-26.5849
147.1958
-26.0225
-27.8945
147.3678
-5.8827
-28.5435
147.2900
14.9999
-29.7645
147.7317
35.0587
-31.1746
147.6082
54.2288
-32.5623
147.9385
75.2920
-34.0141
148.2482
-85.4203
-42.6033
155.2386
-66.5294
-43.6058
154.8858
-45.3866
-45.7976
154.7868
-26.1492
-46.2219
154.2864
-6.4081
-47.1968
153.9816
13.3805
-48.5067
153.7584
33.0064
-50.4937
154.1236
53.4192
-51.9083
153.8820
74.0968
-52.4545
153.7839
-87.1951
-59.9913
165.7623
-67.2624
-61.1193
164.9957
-47.1421
-62.3063
164.3907
-26.9288
-63.9955
164.3211
-7.0062
-65.8664
163.9307
12.1515
-67.2254
163.7824
31.4485
-68.6151
163.2627
51.8267
-70.0114
163.1179
72.7061
-71.0789
162.4581
-88.7054
-75.0580
177.1350
-67.5431
-77.5314
177.8897
-48.2037
-78.6522
176.6560
-27.8729
-79.9517
176.1985
-8.1862
-81.8517
175.4597
11.0387
-83.4072
175.1020
31.8750
-84.8276
174.4961
51.6023
-85.9611
173.7432
71.5542
-87.3141
173.2736
