-0.5376
0.5150
1.0000
-0.4147
0.4756
1.0000
-0.2693
0.4476
1.0000
-0.1397
0.4201
1.0000
-0.0089
0.3978
1.0000
0.0955
0.3844
1.0000
0.2024
0.3556
1.0000
0.3142
0.3322
1.0000
0.4030
0.3094
1.0000
-0.5707
0.3911
1.0000
-0.4238
0.3801
1.0000
-0.2827
0.3633
1.0000
-0.1376
0.3399
1.0000
-0.0159
0.3182
1.0000
0.1266
0.3091
1.0000
0.2346
0.2746
1.0000
0.3473
0.2485
1.0000
0.4300
0.2369
1.0000
-0.5926
0.2668
1.0000
-0.4456
0.2402
1.0000
-0.2967
0.2329
1.0000
-0.1539
0.2168
1.0000
-0.0144
0.2020
1.0000
0.1223
0.1808
1.0000
0.2476
0.1826
1.0000
0.3650
0.1576
1.0000
0.4753
0.1497
1.0000
-0.6048
0.1093
1.0000
-0.4460
0.0801
1.0000
-0.2986
0.0824
1.0000
-0.1523
0.0858
1.0000
-0.0178
0.0613
1.0000
0.1172
0.0601
1.0000
0.2623
0.0648
1.0000
0.3784
0.0384
1.0000
0.5028
0.0430
1.0000
-0.5934
-0.0445
1.0000
-0.4456
-0.0480
1.0000
-0.3148
-0.0671
1.0000
-0.1623
-0.0589
1.0000
-0.0313
-0.0658
1.0000
0.1241
-0.0845
1.0000
0.2559
-0.0849
1.0000
0.3815
-0.0941
1.0000
0.5005
-0.0935
1.0000
-0.5645
-0.1511
1.0000
-0.4341
-0.1622
1.0000
-0.2794
-0.1873
1.0000
-0.1803
-0.1869
1.0000
-0.0316
-0.1913
1.0000
0.0992
-0.2020
1.0000
0.2355
-0.2113
1.0000
0.3701
-0.2206
1.0000
0.5053
-0.2276
1.0000
-0.5323
-0.2336
1.0000
-0.4151
-0.2542
1.0000
-0.2891
-0.2874
1.0000
-0.1585
-0.2890
1.0000
-0.0365
-0.3002
1.0000
0.0863
-0.3170
1.0000
0.2258
-0.3231
1.0000
0.3463
-0.3342
1.0000
0.4840
-0.3441
1.0000
-0.4928
-0.2955
1.0000
-0.3857
-0.3239
1.0000
-0.2698
-0.3427
1.0000
-0.1523
-0.3708
1.0000
-0.0349
-0.3847
1.0000
0.0755
-0.3989
1.0000
0.1906
-0.4286
1.0000
0.3060
-0.4368
1.0000
0.4398
-0.4486
1.0000
-0.4647
-0.3382
1.0000
-0.3497
-0.3710
1.0000
-0.2512
-0.3951
1.0000
-0.1460
-0.4171
1.0000
-0.0404
-0.4392
1.0000
0.0667
-0.4651
1.0000
0.1819
-0.4770
1.0000
0.2880
-0.4937
1.0000
0.3959
-0.5223
1.0000
-79.0739
72.4650
143.1875
-60.0848
70.4938
147.4676
-40.8808
69.0083
151.6707
-22.0917
68.2061
156.7106
-3.1830
65.8942
161.4858
16.7711
63.7879
167.3938
36.1731
61.2955
173.1182
55.5120
58.8371
178.5808
74.3036
57.7798
185.5826
-78.7733
53.6562
136.0322
-58.8232
52.5529
140.0563
-40.0050
51.6881
143.5626
-20.0616
50.2291
147.7391
-1.6617
48.3577
151.4918
19.1018
47.5175
157.2149
37.9941
44.4669
161.3339
57.7408
43.1305
167.1384
75.5472
41.1228
172.4585
-79.3784
33.9693
132.8433
-60.8589
32.5376
135.3680
-40.7179
31.0099
138.3933
-21.8328
30.8648
141.6619
-1.8631
29.8391
145.0518
19.0298
27.9346
148.8550
37.7010
26.8216
152.9102
56.8166
25.5030
157.2588
77.1834
23.8147
162.0416
-81.2451
13.4269
134.4628
-61.1874
12.0792
135.6171
-41.5919
11.3843
137.2926
-21.9718
10.1948
139.3994
-2.2544
9.6257
141.7022
17.2291
8.4305
144.4482
37.6357
8.2607
147.5295
57.2871
6.3860
150.5593
76.8248
5.5838
154.4444
-82.3930
-5.5882
140.2029
-62.4810
-6.4394
140.1173
-43.4507
-8.2953
140.7875
-23.1329
-9.6579
141.6285
-4.1241
-10.7711
142.7255
16.8073
-11.5402
144.2589
36.3265
-12.2432
146.1175
56.6402
-13.0920
148.2955
76.9357
-14.1212
150.6430
-83.5804
-22.2337
149.3849
-64.0548
-24.9029
148.6515
-43.9561
-26.7741
147.9077
-25.6447
-28.5037
147.7960
-5.5448
-29.3419
147.5578
15.3693
-30.7474
148.3117
35.3714
-32.2060
148.8097
54.5747
-33.5291
149.9243
75.6590
-34.9765
151.3487
-84.9000
-38.7389
161.9256
-66.0740
-41.0313
160.1574
-44.9486
-44.3189
158.8483
-25.9495
-45.6429
156.9607
-6.3386
-47.2664
155.9037
13.5428
-49.0967
155.3737
33.1394
-51.4100
155.5400
53.3939
-53.0910
155.2812
74.2314
-53.7220
155.5766
-86.2272
-53.4521
175.9580
-66.4702
-56.0820
173.5371
-46.8037
-58.8412
171.1729
-26.7304
-61.8291
169.4438
-6.9406
-64.9288
167.6357
12.0404
-67.1437
166.4393
31.3278
-69.3816
165.4868
51.7031
-71.2393
164.4890
72.3922
-72.7626
163.4201
-87.5303
-66.0883
189.8043
-66.3892
-70.2318
188.8775
-47.0888
-72.9192
186.1947
-27.2333
-76.1141
183.5737
-8.0205
-79.5896
180.8658
10.9738
-82.5399
178.9027
31.6313
-84.9303
177.1591
51.3292
-87.0438
175.3996
71.0828
-89.3140
173.8193
