-0.4422
0.3579
1.0000
-0.3265
0.3458
1.0000
-0.2191
0.3499
1.0000
-0.1124
0.3435
1.0000
-0.0058
0.3334
1.0000
0.1027
0.3378
1.0000
0.1977
0.3296
1.0000
0.3235
0.3200
1.0000
0.4260
0.3248
1.0000
-0.4347
0.2423
1.0000
-0.3268
0.2435
1.0000
-0.2324
0.2320
1.0000
-0.1139
0.2331
1.0000
-0.0206
0.2457
1.0000
0.1064
0.2251
1.0000
0.2126
0.2241
1.0000
0.3221
0.2250
1.0000
0.4193
0.2233
1.0000
-0.4505
0.1436
1.0000
-0.3435
0.1349
1.0000
-0.2290
0.1341
1.0000
-0.1302
0.1531
1.0000
-0.0121
0.1354
1.0000
0.0970
0.1290
1.0000
0.2048
0.1343
1.0000
0.3116
0.1339
1.0000
0.4386
0.1223
1.0000
-0.4801
0.0451
1.0000
-0.3718
0.0409
1.0000
-0.2543
0.0429
1.0000
-0.1347
0.0378
1.0000
-0.0224
0.0365
1.0000
0.0942
0.0409
1.0000
0.2195
0.0401
1.0000
0.3483
0.0301
1.0000
0.4535
0.0268
1.0000
-0.5136
-0.0565
1.0000
-0.3959
-0.0518
1.0000
-0.2769
-0.0576
1.0000
-0.1485
-0.0662
1.0000
-0.0260
-0.0624
1.0000
0.1001
-0.0621
1.0000
0.2226
-0.0569
1.0000
0.3592
-0.0546
1.0000
0.5021
-0.0598
1.0000
-0.5507
-0.1616
1.0000
-0.4341
-0.1712
1.0000
-0.2881
-0.1675
1.0000
-0.1800
-0.1734
1.0000
-0.0421
-0.1674
1.0000
0.1134
-0.1745
1.0000
0.2442
-0.1727
1.0000
0.3768
-0.1731
1.0000
0.5231
-0.1837
1.0000
-0.6181
-0.2947
1.0000
-0.4828
-0.3060
1.0000
-0.3219
-0.3181
1.0000
-0.1864
-0.3107
1.0000
-0.0448
-0.3061
1.0000
0.1013
-0.3217
1.0000
0.2602
-0.3110
1.0000
0.4156
-0.3266
1.0000
0.5721
-0.3165
1.0000
-0.6594
-0.4603
1.0000
-0.5188
-0.4654
1.0000
-0.3616
-0.4550
1.0000
-0.2054
-0.4660
1.0000
-0.0433
-0.4866
1.0000
0.1118
-0.4821
1.0000
0.2700
-0.4908
1.0000
0.4313
-0.4934
1.0000
0.5964
-0.4978
1.0000
-0.7012
-0.6336
1.0000
-0.5480
-0.6455
1.0000
-0.3831
-0.6521
1.0000
-0.2317
-0.6547
1.0000
-0.0589
-0.6608
1.0000
0.1165
-0.6717
1.0000
0.2928
-0.6635
1.0000
0.4606
-0.6738
1.0000
0.6333
-0.6914
1.0000
-80.7389
64.9622
185.2321
-61.3215
64.0162
185.7838
-41.7316
63.5493
185.7781
-22.1422
63.9376
186.2734
-2.5990
62.8208
186.5075
18.3203
62.4037
186.6206
38.5536
61.7147
186.7802
58.9422
60.8867
186.8713
78.9595
62.0340
187.2222
-81.2920
45.3083
185.6574
-60.9024
44.8638
185.7792
-41.8069
44.7714
185.4439
-21.3326
44.0780
185.3085
-2.5057
43.0087
184.9166
18.9365
43.5837
184.9658
38.3979
41.6388
184.5849
59.0588
41.8333
184.2120
77.7128
41.3963
184.0295
-81.8027
26.1251
181.4036
-63.1302
25.3090
180.7834
-42.7144
24.4217
180.1197
-23.5680
24.9656
180.0427
-3.1791
24.6050
179.4488
17.9945
23.6539
178.6710
37.0767
23.3050
178.4004
56.6890
23.1490
177.8540
77.6245
22.6940
177.1414
-83.0083
7.6081
172.8059
-62.7610
7.0553
171.8506
-43.2900
7.2155
171.3771
-23.4730
6.6461
170.6066
-3.6384
6.7339
170.0603
15.9748
6.2326
169.3721
36.6995
6.7596
169.0631
56.5966
5.8678
167.8103
76.3875
5.8541
167.2781
-83.4477
-8.9230
162.0156
-63.4553
-8.7722
161.6508
-44.3558
-9.4645
160.5812
-24.1099
-9.8529
159.5488
-5.0004
-10.1480
158.7201
15.9917
-10.1065
158.0925
35.5175
-10.0627
157.3551
56.0032
-9.9156
156.5335
76.4336
-9.9546
155.2837
-83.7493
-24.3459
151.0641
-64.2738
-25.1861
149.7362
-44.0387
-25.3177
148.8515
-25.7210
-25.8165
147.9833
-5.6633
-25.4316
147.3795
15.1149
-25.8026
146.4354
35.2949
-25.7997
145.1370
54.5739
-25.9971
143.9284
75.5729
-26.3123
142.5329
-84.7453
-41.2969
139.1058
-65.8540
-41.3609
138.3130
-44.5322
-42.0439
136.7787
-25.4346
-41.5039
136.6314
-5.5453
-41.4838
135.9259
14.1872
-41.5320
134.6796
33.8549
-42.2605
133.1345
54.1932
-42.4255
131.9618
74.9256
-42.0199
131.4096
-86.0632
-59.2284
129.1702
-66.0316
-58.9357
128.1432
-46.0984
-58.5217
127.0725
-25.8366
-58.9637
125.8359
-5.7531
-59.3761
124.5391
13.3732
-59.7257
123.6981
32.8834
-60.1698
122.9007
53.0505
-60.3028
122.3830
74.1429
-60.4385
122.1561
-87.0085
-77.0500
122.9460
-66.0597
-78.0437
120.5385
-46.4085
-77.3946
118.7498
-26.4513
-76.8822
117.0818
-6.2847
-77.5851
116.3722
12.8366
-78.2124
116.3913
33.5446
-78.4723
116.3777
53.5245
-78.8219
116.5721
73.6923
-79.3049
116.5265
