-0.6182
0.5010
1.0000
-0.4584
0.4842
1.0000
-0.3084
0.4646
1.0000
-0.1784
0.4439
1.0000
-0.0391
0.4223
1.0000
0.0804
0.4083
1.0000
0.1754
0.3805
1.0000
0.2877
0.3622
1.0000
0.3736
0.3539
1.0000
-0.6305
0.3914
1.0000
-0.4563
0.3740
1.0000
-0.2993
0.3704
1.0000
-0.1459
0.3316
1.0000
-0.0231
0.3261
1.0000
0.1133
0.3068
1.0000
0.2234
0.2812
1.0000
0.3236
0.2826
1.0000
0.4150
0.2689
1.0000
-0.6371
0.2337
1.0000
-0.4626
0.2319
1.0000
-0.2985
0.2027
1.0000
-0.1513
0.2182
1.0000
-0.0099
0.2002
1.0000
0.1207
0.1958
1.0000
0.2282
0.1851
1.0000
0.3421
0.1832
1.0000
0.4387
0.1801
1.0000
-0.6283
0.0706
1.0000
-0.4597
0.0581
1.0000
-0.2938
0.0595
1.0000
-0.1441
0.0536
1.0000
-0.0118
0.0677
1.0000
0.1145
0.0591
1.0000
0.2401
0.0745
1.0000
0.3572
0.0623
1.0000
0.4571
0.0588
1.0000
-0.6157
-0.0962
1.0000
-0.4524
-0.0850
1.0000
-0.2961
-0.0888
1.0000
-0.1496
-0.0831
1.0000
-0.0119
-0.0739
1.0000
0.1287
-0.0694
1.0000
0.2383
-0.0746
1.0000
0.3642
-0.0596
1.0000
0.4720
-0.0699
1.0000
-0.5977
-0.2071
1.0000
-0.4383
-0.2107
1.0000
-0.2825
-0.2054
1.0000
-0.1641
-0.2091
1.0000
-0.0270
-0.1919
1.0000
0.1045
-0.1988
1.0000
0.2278
-0.1867
1.0000
0.3418
-0.1922
1.0000
0.4422
-0.1812
1.0000
-0.5574
-0.2906
1.0000
-0.4245
-0.3082
1.0000
-0.2818
-0.3078
1.0000
-0.1531
-0.3038
1.0000
-0.0267
-0.3064
1.0000
0.0961
-0.2972
1.0000
0.2066
-0.2966
1.0000
0.3251
-0.2876
1.0000
0.4322
-0.2899
1.0000
-0.5268
-0.3673
1.0000
-0.4110
-0.3621
1.0000
-0.2794
-0.3660
1.0000
-0.1535
-0.3824
1.0000
-0.0383
-0.3774
1.0000
0.0673
-0.3689
1.0000
0.1921
-0.3751
1.0000
0.2907
-0.3678
1.0000
0.3976
-0.3704
1.0000
-0.4986
-0.4013
1.0000
-0.3891
-0.4030
1.0000
-0.2775
-0.4191
1.0000
-0.1616
-0.4123
1.0000
-0.0587
-0.4277
1.0000
0.0559
-0.4368
1.0000
0.1582
-0.4263
1.0000
0.2660
-0.4374
1.0000
0.3605
-0.4447
1.0000
-80.6120
66.5527
130.4458
-62.2846
65.9964
136.8835
-43.6696
66.0234
143.3155
-25.4933
66.8022
150.3738
-6.9187
66.1956
156.7300
12.6046
66.1131
164.1318
31.5292
65.6158
171.5270
50.4762
64.9913
178.8772
68.7310
65.9169
187.2463
-77.9339
48.0012
122.8966
-58.8455
48.3028
129.4636
-40.7633
48.7578
135.3558
-21.2530
48.7076
142.4720
-3.4070
48.0490
148.4348
16.6095
49.0616
156.2758
35.1760
47.6894
162.2484
54.5300
48.3509
169.5275
71.9891
48.0582
176.1161
-76.9424
28.3726
119.4493
-58.9389
27.9974
125.4787
-39.4004
27.8538
130.9112
-21.2368
28.9824
137.0877
-1.8012
29.1000
143.4738
18.4438
28.9303
149.6795
36.5822
29.1136
155.9726
55.1774
29.3913
162.2381
74.8496
29.4797
168.3668
-77.6165
7.5973
121.4234
-58.0556
7.5614
125.7946
-39.0808
8.1857
130.7213
-20.0078
8.1820
136.5286
-0.8322
8.8329
141.5243
18.0088
8.9299
147.0826
37.8607
10.0405
152.8541
56.8651
9.5210
158.2870
75.8175
10.1846
164.6924
-78.6187
-11.3653
126.8321
-59.0247
-10.7960
130.5909
-40.5379
-11.4775
134.8074
-20.5999
-11.5665
139.3538
-2.0264
-11.4529
143.7576
18.4063
-11.0274
148.8004
37.4941
-10.4604
153.7159
57.2087
-10.0563
158.8845
76.9928
-9.8370
164.0570
-80.5546
-27.8822
136.0526
-61.2032
-29.1541
139.3158
-41.2172
-29.5357
142.6120
-23.1370
-30.1924
146.1660
-3.3106
-29.7789
149.6417
17.1012
-29.8833
154.2276
36.7616
-30.1725
158.1878
55.5655
-30.3121
162.6249
76.1776
-30.4830
167.4235
-83.1551
-44.0677
148.9379
-64.3096
-45.1110
151.0874
-43.4094
-47.0170
153.6534
-24.2804
-46.8299
155.9275
-4.7097
-47.2477
158.8260
14.9078
-47.7706
162.1814
34.1237
-48.8886
166.0036
54.2320
-49.3324
169.7010
74.7819
-48.7099
173.6235
-86.5080
-58.5099
162.9490
-66.3232
-59.6013
165.2001
-46.6437
-61.1014
166.3624
-26.4443
-62.6701
168.7953
-6.6595
-64.3886
171.1045
12.4047
-65.4568
173.7968
31.4076
-66.3517
176.5210
51.7520
-66.8923
179.6840
72.3396
-67.0408
182.6670
-89.5190
-70.7690
176.9304
-68.4994
-73.0561
180.5753
-49.2153
-74.7920
181.3172
-29.0832
-76.4369
182.7865
-9.4587
-78.6423
184.5740
9.7007
-80.1683
186.6045
30.3637
-81.4582
188.2645
50.2992
-82.2196
191.3815
70.0465
-83.0360
193.8856
