-0.4091
0.3054
1.0000
-0.3196
0.3232
1.0000
-0.2246
0.3390
1.0000
-0.1138
0.3646
1.0000
-0.0210
0.3733
1.0000
0.1137
0.3898
1.0000
0.2360
0.4019
1.0000
0.3564
0.3972
1.0000
0.4910
0.4309
1.0000
-0.4546
0.2624
1.0000
-0.3466
0.2739
1.0000
-0.2587
0.2926
1.0000
-0.1350
0.2872
1.0000
-0.0115
0.3001
1.0000
0.1183
0.3187
1.0000
0.2457
0.3115
1.0000
0.3911
0.3251
1.0000
0.5166
0.3252
1.0000
-0.5067
0.1759
1.0000
-0.3910
0.1833
1.0000
-0.2665
0.1967
1.0000
-0.1535
0.1992
1.0000
-0.0221
0.2001
1.0000
0.1102
0.2042
1.0000
0.2540
0.2112
1.0000
0.3809
0.2132
1.0000
0.5306
0.2126
1.0000
-0.5412
0.0684
1.0000
-0.4220
0.0773
1.0000
-0.2909
0.0760
1.0000
-0.1607
0.0674
1.0000
-0.0315
0.0778
1.0000
0.1118
0.0703
1.0000
0.2630
0.0808
1.0000
0.3966
0.0754
1.0000
0.5206
0.0694
1.0000
-0.5775
-0.0519
1.0000
-0.4394
-0.0524
1.0000
-0.3147
-0.0556
1.0000
-0.1548
-0.0645
1.0000
-0.0264
-0.0589
1.0000
0.1202
-0.0627
1.0000
0.2484
-0.0750
1.0000
0.3876
-0.0591
1.0000
0.5086
-0.0646
1.0000
-0.5969
-0.1805
1.0000
-0.4440
-0.1872
1.0000
-0.2953
-0.1859
1.0000
-0.1724
-0.1987
1.0000
-0.0316
-0.1955
1.0000
0.1032
-0.2067
1.0000
0.2466
-0.1931
1.0000
0.3511
-0.1872
1.0000
0.4737
-0.1777
1.0000
-0.5875
-0.3340
1.0000
-0.4563
-0.3319
1.0000
-0.2998
-0.3298
1.0000
-0.1707
-0.3213
1.0000
-0.0361
-0.3217
1.0000
0.1000
-0.3054
1.0000
0.2182
-0.2945
1.0000
0.3170
-0.2934
1.0000
0.4322
-0.2539
1.0000
-0.5998
-0.4705
1.0000
-0.4534
-0.4610
1.0000
-0.3099
-0.4472
1.0000
-0.1695
-0.4424
1.0000
-0.0382
-0.4353
1.0000
0.0668
-0.4142
1.0000
0.1887
-0.3857
1.0000
0.2835
-0.3574
1.0000
0.3824
-0.3242
1.0000
-0.5843
-0.5795
1.0000
-0.4376
-0.5779
1.0000
-0.3004
-0.5489
1.0000
-0.1599
-0.5335
1.0000
-0.0495
-0.5042
1.0000
0.0593
-0.4645
1.0000
0.1599
-0.4329
1.0000
0.2495
-0.3902
1.0000
0.3208
-0.3608
1.0000
-78.4135
58.3572
187.5926
-59.3749
59.9124
183.2667
-40.1923
61.7617
179.0180
-21.1279
63.9040
175.6932
-1.9444
64.7850
171.5136
18.7874
65.7756
168.5170
38.8514
66.2371
165.6760
58.9754
66.6622
162.7168
78.8049
68.5701
160.9441
-80.0101
44.4205
173.4296
-60.0808
45.9966
169.6895
-41.1447
47.5127
166.4009
-21.0029
48.2404
162.9808
-2.3082
48.2518
160.0559
18.9876
49.6342
158.0611
38.2943
48.6303
155.1247
58.8723
49.5640
152.9824
77.4377
49.6667
151.3627
-81.2642
29.0810
160.8833
-62.7160
29.3746
157.8964
-42.5036
29.4365
155.0338
-23.4157
30.5037
153.3535
-3.1277
30.8270
151.3608
17.9976
30.2659
149.4260
37.0431
30.3212
148.2407
56.6421
30.3776
147.1876
77.6359
29.9818
146.4065
-82.6233
11.1551
150.7326
-62.4534
11.0748
148.6067
-42.9845
11.5125
147.1424
-23.1781
11.0863
145.9967
-3.4423
11.3234
145.1486
16.2609
10.8026
144.7245
36.9498
11.3718
144.5882
56.8037
10.1685
144.8101
76.6521
10.2504
146.1659
-82.8169
-7.4577
143.7827
-62.8856
-7.1361
143.2581
-43.7682
-8.0555
142.7228
-23.4257
-8.5639
142.5095
-4.3326
-9.0519
142.9060
16.6868
-9.1074
143.7790
36.3094
-9.2004
145.1156
56.5934
-9.2931
147.3569
76.7104
-9.2904
150.2712
-82.9200
-26.3199
140.7394
-63.2630
-27.4534
140.9322
-43.0678
-27.7665
141.5862
-24.7643
-28.4114
142.7395
-4.7011
-28.1805
144.0495
16.1156
-28.5237
146.6714
35.9671
-28.8008
149.4227
54.7509
-28.7543
153.6118
75.4550
-28.2862
159.6401
-83.4032
-47.0935
140.2588
-64.5322
-47.2759
141.7741
-43.4089
-48.3757
143.7879
-24.3423
-47.6322
146.0394
-4.8152
-47.4457
148.5301
14.7435
-47.4590
152.2044
33.7909
-47.5683
157.5218
53.0767
-46.4691
163.3912
72.9284
-43.6988
170.7057
-84.6520
-67.3665
142.9287
-64.8130
-67.2536
145.6591
-45.0371
-66.9231
148.4093
-25.0937
-67.1726
151.9665
-5.3881
-67.2160
156.4594
13.0289
-66.1773
162.2495
30.9835
-64.5847
168.6021
49.5940
-61.8900
175.8410
68.5141
-58.7926
184.0376
-86.2006
-85.5358
148.1925
-65.5601
-86.7471
152.3277
-46.1133
-86.1140
155.7040
-26.3695
-85.3574
160.1268
-7.6110
-83.9665
166.9112
10.1166
-81.5540
174.2438
28.7806
-78.5628
181.4781
46.7360
-74.2258
191.2029
64.4910
-70.2434
199.9024
