-0.6419
0.5581
1.0000
-0.4728
0.5275
1.0000
-0.2972
0.4997
1.0000
-0.1671
0.4968
1.0000
-0.0183
0.4510
1.0000
0.1171
0.4388
1.0000
0.2290
0.4220
1.0000
0.3320
0.3965
1.0000
0.4270
0.3710
1.0000
-0.6422
0.3877
1.0000
-0.4707
0.3695
1.0000
-0.3099
0.3688
1.0000
-0.1474
0.3593
1.0000
-0.0216
0.3389
1.0000
0.1307
0.3221
1.0000
0.2553
0.3000
1.0000
0.3789
0.2947
1.0000
0.4699
0.2720
1.0000
-0.6390
0.2195
1.0000
-0.4773
0.2111
1.0000
-0.3212
0.1960
1.0000
-0.1563
0.1973
1.0000
-0.0043
0.1959
1.0000
0.1368
0.1880
1.0000
0.2601
0.1749
1.0000
0.3782
0.1734
1.0000
0.4991
0.1578
1.0000
-0.6128
0.0724
1.0000
-0.4647
0.0505
1.0000
-0.3113
0.0400
1.0000
-0.1572
0.0530
1.0000
-0.0188
0.0549
1.0000
0.1305
0.0407
1.0000
0.2723
0.0461
1.0000
0.3989
0.0481
1.0000
0.5157
0.0359
1.0000
-0.5854
-0.0653
1.0000
-0.4388
-0.0654
1.0000
-0.3078
-0.0748
1.0000
-0.1569
-0.0942
1.0000
-0.0333
-0.0954
1.0000
0.1169
-0.0962
1.0000
0.2492
-0.0898
1.0000
0.3802
-0.0919
1.0000
0.5034
-0.0886
1.0000
-0.5506
-0.1546
1.0000
-0.4036
-0.1846
1.0000
-0.2824
-0.1771
1.0000
-0.1792
-0.1909
1.0000
-0.0364
-0.2032
1.0000
0.0967
-0.1994
1.0000
0.2210
-0.2135
1.0000
0.3492
-0.2079
1.0000
0.4801
-0.2156
1.0000
-0.5067
-0.2311
1.0000
-0.3947
-0.2431
1.0000
-0.2724
-0.2596
1.0000
-0.1532
-0.2681
1.0000
-0.0369
-0.2819
1.0000
0.0821
-0.3001
1.0000
0.1926
-0.2913
1.0000
0.3204
-0.3026
1.0000
0.4503
-0.3025
1.0000
-0.4798
-0.2836
1.0000
-0.3687
-0.2901
1.0000
-0.2621
-0.3078
1.0000
-0.1465
-0.3199
1.0000
-0.0333
-0.3453
1.0000
0.0619
-0.3576
1.0000
0.1719
-0.3635
1.0000
0.2859
-0.3718
1.0000
0.4070
-0.3796
1.0000
-0.4451
-0.3288
1.0000
-0.3345
-0.3258
1.0000
-0.2369
-0.3533
1.0000
-0.1442
-0.3566
1.0000
-0.0457
-0.3815
1.0000
0.0574
-0.4016
1.0000
0.1588
-0.4060
1.0000
0.2764
-0.4155
1.0000
0.3807
-0.4394
1.0000
-78.8075
67.7136
123.9215
-59.8264
66.9031
128.0878
-40.6151
66.5746
132.5664
-21.7258
67.1117
137.4751
-2.7578
65.9794
142.5147
17.2342
65.5029
148.6789
36.3200
64.3055
155.7967
55.2562
62.7383
163.0791
73.4497
62.8583
171.3239
-78.6636
47.7084
122.3281
-58.7772
47.6868
126.1057
-39.9293
47.6752
129.7714
-19.9085
47.2357
134.3092
-1.4968
46.2792
138.3770
19.2563
47.0719
143.5844
38.1617
45.0245
148.8385
57.7341
45.0258
155.2222
75.4194
44.1988
161.3612
-79.5169
27.8529
124.7176
-60.9296
27.0433
127.3019
-40.6670
26.3320
130.4167
-21.9027
27.0060
133.2699
-1.7443
26.6683
136.9338
19.1423
25.8934
140.8259
37.8607
25.7850
144.9954
56.9227
25.6094
149.4108
77.2755
25.0451
154.7604
-81.3489
8.3518
131.1747
-61.2695
7.3483
132.5817
-41.6956
7.0556
134.2449
-21.9305
6.4299
136.5933
-2.2014
6.3980
138.8820
17.2574
5.9377
141.6562
37.7272
6.4589
144.5640
57.3761
5.4101
147.8174
76.7739
5.8223
151.4923
-82.3671
-8.9840
140.8502
-62.4858
-9.7034
141.0231
-43.4238
-11.2184
142.2061
-23.0975
-12.3519
143.3735
-4.1648
-13.1898
144.5927
16.8961
-13.5309
146.3536
36.4251
-13.6740
148.1730
56.7361
-14.0315
150.4324
76.9862
-14.4071
152.8060
-83.6862
-23.8476
152.5842
-63.9746
-26.1670
152.9461
-43.8240
-27.8715
152.8563
-25.6638
-29.3739
153.2442
-5.3725
-30.1716
153.4871
15.4496
-31.3186
154.6088
35.5039
-32.4795
155.4333
54.6668
-33.4147
156.8375
75.8323
-34.5251
158.5899
-84.9259
-38.6199
167.2347
-66.0521
-40.4483
166.7933
-44.8617
-43.2513
166.8566
-25.7369
-44.4589
165.7628
-6.2291
-45.9972
165.2966
13.6359
-47.6323
165.4706
33.1630
-49.7736
166.1397
53.5253
-51.2737
166.5635
74.4752
-51.7027
167.2089
-86.6061
-51.8287
182.7682
-66.6537
-53.7283
182.1005
-46.9884
-55.9323
180.7122
-26.9483
-58.4161
180.3865
-6.8909
-61.1329
180.1095
12.1284
-63.2900
179.7854
31.3936
-65.2622
179.4020
51.6044
-67.0269
179.1210
72.4504
-68.5041
178.9618
-88.3916
-63.3007
197.5110
-67.0647
-65.9450
198.7711
-47.8305
-68.2624
197.3206
-27.6167
-70.9122
196.2922
-8.2947
-73.8157
195.1850
10.8881
-76.3964
194.4943
31.2631
-78.9143
193.6377
51.2571
-80.6667
192.7481
71.1940
-82.8458
192.2674
