-0.4970
0.3974
1.0000
-0.3922
0.4003
1.0000
-0.2618
0.3959
1.0000
-0.1392
0.4043
1.0000
-0.0228
0.3933
1.0000
0.1009
0.3988
1.0000
0.2329
0.4026
1.0000
0.3473
0.3902
1.0000
0.4586
0.3926
1.0000
-0.4810
0.2877
1.0000
-0.3668
0.2797
1.0000
-0.2494
0.2835
1.0000
-0.1359
0.2738
1.0000
-0.0162
0.2812
1.0000
0.1065
0.2900
1.0000
0.2138
0.2769
1.0000
0.3341
0.2757
1.0000
0.4469
0.2655
1.0000
-0.4777
0.1630
1.0000
-0.3664
0.1585
1.0000
-0.2550
0.1534
1.0000
-0.1307
0.1646
1.0000
-0.0339
0.1651
1.0000
0.0922
0.1565
1.0000
0.2135
0.1589
1.0000
0.3262
0.1525
1.0000
0.4439
0.1568
1.0000
-0.4990
0.0534
1.0000
-0.3692
0.0422
1.0000
-0.2592
0.0470
1.0000
-0.1423
0.0474
1.0000
-0.0223
0.0504
1.0000
0.0877
0.0450
1.0000
0.2065
0.0470
1.0000
0.3279
0.0445
1.0000
0.4412
0.0380
1.0000
-0.4983
-0.0563
1.0000
-0.3824
-0.0593
1.0000
-0.2726
-0.0616
1.0000
-0.1494
-0.0711
1.0000
-0.0374
-0.0591
1.0000
0.0860
-0.0622
1.0000
0.2125
-0.0783
1.0000
0.3294
-0.0574
1.0000
0.4588
-0.0776
1.0000
-0.5312
-0.1711
1.0000
-0.4061
-0.1861
1.0000
-0.2774
-0.1763
1.0000
-0.1525
-0.1885
1.0000
-0.0388
-0.1827
1.0000
0.1086
-0.1781
1.0000
0.2283
-0.1881
1.0000
0.3462
-0.1874
1.0000
0.4866
-0.1964
1.0000
-0.5708
-0.3111
1.0000
-0.4363
-0.3105
1.0000
-0.3034
-0.3200
1.0000
-0.1675
-0.3020
1.0000
-0.0296
-0.3150
1.0000
0.1008
-0.3090
1.0000
0.2374
-0.3214
1.0000
0.3799
-0.3230
1.0000
0.5119
-0.3159
1.0000
-0.6313
-0.4654
1.0000
-0.4681
-0.4552
1.0000
-0.3264
-0.4571
1.0000
-0.1830
-0.4476
1.0000
-0.0217
-0.4675
1.0000
0.1208
-0.4676
1.0000
0.2530
-0.4651
1.0000
0.4110
-0.4663
1.0000
0.5617
-0.4677
1.0000
-0.6891
-0.6271
1.0000
-0.5167
-0.6425
1.0000
-0.3486
-0.6289
1.0000
-0.1983
-0.6321
1.0000
-0.0393
-0.6322
1.0000
0.1045
-0.6434
1.0000
0.2927
-0.6434
1.0000
0.4450
-0.6517
1.0000
0.6205
-0.6401
1.0000
-82.2992
67.1437
163.5165
-62.8707
66.6492
164.3760
-43.3515
66.4117
164.5098
-23.7126
67.1034
164.8894
-4.1166
66.3477
165.6263
16.7132
66.3198
165.7639
37.1062
65.9292
166.3221
57.4131
65.5416
166.5977
77.3494
66.8241
166.3082
-82.5543
48.3237
169.7364
-62.1649
48.2869
170.2705
-43.1262
48.3780
170.2077
-22.5993
48.0554
170.7419
-3.7590
47.2181
170.9954
17.6697
48.1515
171.0545
37.1401
46.3755
171.5553
57.7325
46.7851
171.3213
76.5150
46.5951
171.5473
-82.8997
28.8236
172.3378
-64.1041
28.0996
172.4387
-43.6928
27.4228
172.4102
-24.5614
28.1863
172.6143
-4.2136
27.9586
172.6404
17.0514
27.2180
172.7525
36.2303
27.1012
173.1080
55.7646
27.0421
173.1487
76.7931
26.6625
173.1472
-83.5731
8.5151
170.4185
-63.3815
8.0563
170.2809
-43.8908
8.2969
170.3421
-24.0521
7.7519
170.3716
-4.2536
7.9481
170.4322
15.4838
7.5697
170.7444
36.1793
8.2197
170.9599
56.0561
7.1877
170.8393
75.8739
7.3871
171.2272
-83.5926
-10.0981
164.2748
-63.5640
-9.9590
164.8405
-44.4724
-10.8100
164.8390
-24.1760
-11.1638
164.8640
-5.0559
-11.4988
165.0071
15.9250
-11.3975
165.2377
35.5384
-11.3233
165.3597
55.9225
-11.2681
165.4117
76.4570
-11.4942
165.3240
-83.4503
-27.2783
156.2780
-63.8449
-28.3246
156.4158
-43.6885
-28.6188
156.7277
-25.3200
-29.1403
156.8361
-5.2490
-28.6465
156.9194
15.6108
-28.9929
156.9970
35.7527
-29.2363
156.6331
55.0592
-29.5704
156.4717
76.0593
-30.0238
156.1038
-83.7503
-45.0527
145.7280
-65.0048
-45.6726
146.7077
-43.6261
-46.4552
146.6848
-24.5623
-45.3303
146.5149
-4.6589
-45.0878
146.2752
15.1292
-45.2426
146.0163
34.8177
-46.0512
145.5632
55.2049
-46.4187
145.3706
75.9173
-46.0797
145.7362
-84.5399
-62.1770
134.5153
-64.5641
-63.1053
136.5057
-44.8226
-62.8272
136.7420
-24.5023
-62.2020
134.9611
-4.4297
-62.2082
133.7797
14.6742
-62.2298
133.4556
34.2020
-62.5705
133.1821
54.3148
-62.5978
133.1612
75.5033
-62.6999
133.7970
-85.0110
-77.6927
124.1416
-64.3158
-80.2202
125.2471
-44.5859
-80.5408
126.2776
-24.7202
-79.1699
124.3131
-4.6539
-78.5246
122.6729
14.3863
-78.1848
121.6808
35.2487
-77.9295
121.5406
55.0083
-78.1157
121.5895
75.3110
-78.2134
122.0249
