1 2 1.000000 
1 10 1.000000 
2 3 1.000000 
2 10 1.414214 
2 11 1.000000 
3 4 1.000000 
3 11 1.414214 
3 12 1.000000 
4 5 1.000000 
4 12 1.414214 
4 13 1.000000 
5 6 1.000000 
5 13 1.414214 
5 14 1.000000 
6 7 1.000000 
6 14 1.414214 
6 15 1.000000 
7 8 1.000000 
7 15 1.414214 
7 16 1.000000 
8 9 1.000000 
8 16 1.414214 
8 17 1.000000 
9 17 1.414214 
9 18 1.000000 
10 11 1.000000 
10 19 1.000000 
11 12 1.000000 
11 19 1.414214 
11 20 1.000000 
12 13 1.000000 
12 20 1.414214 
12 21 1.000000 
13 14 1.000000 
13 21 1.414214 
13 22 1.000000 
14 15 1.000000 
14 22 1.414214 
14 23 1.000000 
15 16 1.000000 
15 23 1.414214 
15 24 1.000000 
16 17 1.000000 
16 24 1.414214 
16 25 1.000000 
17 18 1.000000 
17 25 1.414214 
17 26 1.000000 
18 26 1.414214 
18 27 1.000000 
19 20 1.000000 
19 28 1.000000 
20 21 1.000000 
20 28 1.414214 
20 29 1.000000 
21 22 1.000000 
21 29 1.414214 
21 30 1.000000 
22 23 1.000000 
22 30 1.414214 
22 31 1.000000 
23 24 1.000000 
23 31 1.414214 
23 32 1.000000 
24 25 1.000000 
24 32 1.414214 
24 33 1.000000 
25 26 1.000000 
25 33 1.414214 
25 34 1.000000 
26 27 1.000000 
26 34 1.414214 
26 35 1.000000 
27 35 1.414214 
27 36 1.000000 
28 29 1.000000 
28 37 1.000000 
29 30 1.000000 
29 37 1.414214 
29 38 1.000000 
30 31 1.000000 
30 38 1.414214 
30 39 1.000000 
31 32 1.000000 
31 39 1.414214 
31 40 1.000000 
32 33 1.000000 
32 40 1.414214 
32 41 1.000000 
33 34 1.000000 
33 41 1.414214 
33 42 1.000000 
34 35 1.000000 
34 42 1.414214 
34 43 1.000000 
35 36 1.000000 
35 43 1.414214 
35 44 1.000000 
36 44 1.414214 
36 45 1.000000 
37 38 1.000000 
37 46 1.000000 
38 39 1.000000 
38 46 1.414214 
38 47 1.000000 
39 40 1.000000 
39 47 1.414214 
39 48 1.000000 
40 41 1.000000 
40 48 1.414214 
40 49 1.000000 
41 42 1.000000 
41 49 1.414214 
41 50 1.000000 
42 43 1.000000 
42 50 1.414214 
42 51 1.000000 
43 44 1.000000 
43 51 1.414214 
43 52 1.000000 
44 45 1.000000 
44 52 1.414214 
44 53 1.000000 
45 53 1.414214 
45 54 1.000000 
46 47 1.000000 
46 55 1.000000 
47 48 1.000000 
47 55 1.414214 
47 56 1.000000 
48 49 1.000000 
48 56 1.414214 
48 57 1.000000 
49 50 1.000000 
49 57 1.414214 
49 58 1.000000 
50 51 1.000000 
50 58 1.414214 
50 59 1.000000 
51 52 1.000000 
51 59 1.414214 
51 60 1.000000 
52 53 1.000000 
52 60 1.414214 
52 61 1.000000 
53 54 1.000000 
53 61 1.414214 
53 62 1.000000 
54 62 1.414214 
54 63 1.000000 
55 56 1.000000 
55 64 1.000000 
56 57 1.000000 
56 64 1.414214 
56 65 1.000000 
57 58 1.000000 
57 65 1.414214 
57 66 1.000000 
58 59 1.000000 
58 66 1.414214 
58 67 1.000000 
59 60 1.000000 
59 67 1.414214 
59 68 1.000000 
60 61 1.000000 
60 68 1.414214 
60 69 1.000000 
61 62 1.000000 
61 69 1.414214 
61 70 1.000000 
62 63 1.000000 
62 70 1.414214 
62 71 1.000000 
63 71 1.414214 
63 72 1.000000 
64 65 1.000000 
64 73 1.000000 
65 66 1.000000 
65 73 1.414214 
65 74 1.000000 
66 67 1.000000 
66 74 1.414214 
66 75 1.000000 
67 68 1.000000 
67 75 1.414214 
67 76 1.000000 
68 69 1.000000 
68 76 1.414214 
68 77 1.000000 
69 70 1.000000 
69 77 1.414214 
69 78 1.000000 
70 71 1.000000 
70 78 1.414214 
70 79 1.000000 
71 72 1.000000 
71 79 1.414214 
71 80 1.000000 
72 80 1.414214 
72 81 1.000000 
73 74 1.000000 
74 75 1.000000 
75 76 1.000000 
76 77 1.000000 
77 78 1.000000 
78 79 1.000000 
79 80 1.000000 
80 81 1.000000 
