  -5.0777750e+01  -4.0260737e+01  -1.7618191e+01  -1.2515447e+00  -4.7125397e+01  -1.7441004e+01   4.8388055e+01  -4.4285897e+01  -2.2718067e+01  -4.3920256e+01   9.2484993e+00  -1.6272705e+01  -1.2131803e+00  -3.2463797e+00   6.5304457e+00   4.6562134e+01   3.0755265e+00  -6.7944503e+00  -4.4584889e+01   5.2558393e+01   8.7035100e+00  -6.4074584e-01   4.1098361e+01   2.9621922e+01   4.7438177e+01   2.8937630e+01   3.5988539e+01
  -3.5991964e+01  -4.3263657e+01   3.4527627e+01   1.3225200e+01  -4.1607496e+01   2.5871092e+01   3.2074233e+01  -5.6777558e+01  -1.7885256e+01  -3.8841306e+01   6.1986527e+00   2.7789711e+01   6.6513015e+00   4.2790872e+00   7.1303341e+00   3.6565124e+01  -8.6773829e+00  -3.0782654e+01  -4.1885827e+01   5.4831059e+01   1.6558038e+01  -5.9433957e+00   4.6157392e+01  -1.7114702e+01   3.4146633e+01   3.8859904e+01  -4.6094191e+01
  -5.2663391e+01  -3.6813839e+01   1.9053340e+01  -3.8341612e+00  -4.7095421e+01   1.5891796e+01   4.4830305e+01  -5.4007765e+01   6.7272333e+00  -4.2119288e+01   1.1843504e+01   2.3666898e+01  -3.6545681e-01  -1.8803436e-01  -1.0688989e+00   4.8544829e+01  -6.7337156e+00  -9.1273100e+00  -3.7935113e+01   5.9061629e+01   7.7627680e+00   3.1320772e+00   4.6741962e+01  -1.7960989e+01   4.0410199e+01   2.7191680e+01  -4.4944838e+01
  -2.6536004e+01  -6.2508778e+01  -6.1340029e+00   1.8476839e+01  -4.3028234e+01  -1.5847514e+01   5.8250331e+01  -1.9209695e+01  -3.4575743e+01  -4.2447286e+01  -1.7837999e+01   9.7201029e+00   4.7021714e+00  -1.2875595e+00   7.9847042e+00   4.4181311e+01   2.2676835e+01  -1.1175288e+01  -5.3946356e+01   1.8333773e+01   4.2268133e+01  -1.4466892e+01   4.2328584e+01   2.3111213e+01   1.1785885e+01   6.0533073e+01  -1.5351604e+01
  -5.5001871e+01  -2.9286474e+01  -2.8686636e+01  -1.0307938e+01  -4.7518762e+01  -1.5646849e+01   3.8364039e+01  -5.7505681e+01  -1.0052203e+01  -4.0471816e+01   1.6426420e+01  -1.4572499e+01  -5.0990966e+00  -6.4364519e+00   1.2372997e+01   4.4514143e+01  -1.1775717e+01   9.2077701e+00  -2.0189350e+01   6.0782003e+01  -3.5632388e+00   1.0985094e+00   3.7576444e+01   3.5273974e+01   4.7093379e+01   3.7738220e+01   1.5666686e+01
  -2.9556046e+01  -4.4077735e+01   2.8304860e+01   1.8735554e+01  -4.4510859e+01   1.5351542e+01   4.3838928e+01  -4.8831489e+01  -2.7673676e+01  -2.6610890e+01   4.9547811e+00   3.7643710e+01   1.2935735e+01   4.4529860e+00   7.0503902e+00   1.9621667e+01  -7.2017096e+00  -4.1110928e+01  -2.3103782e+01   5.4697843e+01   4.1353424e+01  -1.0788911e+01   4.6365034e+01  -6.3861066e+00  -5.0722558e+00   3.4151149e+01  -5.4533215e+01
  -5.1042488e+01  -4.7792203e+01  -3.5945746e+00  -1.8179265e+00  -4.9387836e+01   5.0308063e+00   4.6112232e+01  -4.9387099e+01   1.9268155e+01  -4.7189464e+01   3.0979324e-01  -1.6684866e+01  -1.1870087e+00   5.6325308e-01   2.9047380e+00   4.5110128e+01   5.3935935e-01   2.1789481e+01  -4.0842829e+01   4.7416909e+01  -3.2197656e+01   5.3743495e+00   4.7469454e+01  -1.3119589e+01   4.5483006e+01   5.0268371e+01   1.6603506e+01
  -3.8600081e+01  -5.4061826e+01   1.3721930e+01   1.0196361e+01  -4.4856470e+01   7.8755111e+00   4.5667926e+01  -4.5909258e+01  -2.7347995e+01  -4.7656166e+01  -4.9212333e+00   1.5510888e+01  -3.5355208e+00   7.5754357e-01  -7.3172136e+00   4.5159356e+01   3.2780018e+00  -1.8383396e+01  -5.0001215e+01   4.4420215e+01   2.3252623e+01  -2.4480309e+00   4.8248593e+01   8.2846487e+00   4.1217371e+01   5.3044434e+01  -1.5596998e+01
  -3.9271894e+01  -3.7834946e+01   3.2706719e+01   9.9026838e+00  -3.1582147e+01   3.9246095e+01   4.0569203e+01  -5.3156599e+01   6.1687964e+00  -4.3952968e+01   1.0673328e+01   2.1524819e+01   4.2177341e+00   7.4491260e+00   8.5175893e+00   4.4269282e+01  -8.8040127e+00  -1.6616232e+01  -5.2559142e+01   4.0430929e+01  -1.7723352e+01  -3.3375755e+00   4.2585685e+01  -2.6243589e+01   4.0162676e+01   3.0238637e+01  -4.7580846e+01
  -4.1960385e+01  -4.5685961e+01   2.9268567e+01   5.8024643e+00  -4.8088545e+01   1.4676178e+01   5.3761625e+01  -4.4612799e+01   9.7077305e-01  -4.1622129e+01   3.8143748e+00   2.2225673e+01  -4.2208616e+00  -5.5476879e+00  -9.6097937e+00   4.4214942e+01   4.3680417e+00  -2.1498178e+00  -4.4900480e+01   5.0506031e+01   4.6432489e+00  -1.0370815e+01   3.9743461e+01  -2.9880212e+01   3.9295640e+01   4.5503084e+01  -3.0144617e+01
  -5.8432729e+01  -3.5294676e+01  -1.0973530e+01  -1.1049279e+01  -4.1890680e+01  -2.5512733e+01   3.7083251e+01  -4.5870260e+01  -3.8458672e+01  -4.8165337e+01   1.2162542e+01   9.5953434e-01  -2.0661421e-01  -1.9020509e+00   2.4852859e+00   4.8482751e+01  -1.0209672e+01  -5.3149978e+00  -3.7965426e+01   5.0281792e+01   3.1667130e+01   1.0762113e+01   4.1586588e+01   2.4590880e+01   5.9491269e+01   3.1136416e+01   2.0557102e+01
  -5.7302658e+01  -3.8554722e+01   5.3627830e+00  -8.3837472e+00  -4.8891446e+01   5.6665371e+00   4.1106788e+01  -5.5922706e+01   4.5492550e+00  -4.7154846e+01   9.7114114e+00   1.3572671e+01  -1.7331399e+00  -4.3259232e-01  -4.7021137e+00   4.5802688e+01  -1.0720264e+01  -1.6299911e+01  -3.8520097e+01   5.8630103e+01   7.8803304e+00   9.0364141e+00   4.8368589e+01  -3.7203537e+00   5.7148599e+01   3.7811628e+01  -1.2309199e+01
  -2.5809868e+01  -5.9325163e+01   8.0543051e+00   2.1161852e+01  -4.3864057e+01   1.5450628e+01   6.3152843e+01  -1.8088775e+01   2.3970514e+01  -4.2276136e+01  -1.2629567e+01   1.5014052e+01   1.4699444e+00  -4.1426871e+00  -7.6674048e+00   4.5567631e+01   1.9188912e+01  -4.3346089e+00  -6.4990504e+01   1.7978097e+01  -1.7349006e+01  -1.9711349e+01   3.8194491e+01  -2.3762769e+01   2.1435589e+01   6.2688747e+01  -9.3757109e+00
  -5.1299998e+01  -4.4279521e+01   2.0856629e+00  -1.8825747e+00  -4.9196052e+01  -3.7234750e+00   3.5523275e+01  -4.6175850e+01   2.9317131e+01  -4.7918462e+01   4.0969847e+00  -1.0091326e+01   1.8496413e+00  -1.0269187e-01  -1.2436318e+01   4.9457714e+01  -7.4052873e+00   9.8555610e-01  -4.3620345e+01   5.3868314e+01  -8.0077946e+00   4.3000059e+00   4.6897769e+01   4.4442191e+00   5.3590744e+01   4.2296332e+01  -2.5736559e+00
  -5.5794659e+01  -3.9424929e+01   1.2344545e+00  -8.5922940e+00  -4.4780092e+01   1.6831215e+01   4.0273284e+01  -5.1189439e+01   2.5261847e+01  -4.8229690e+01   9.6274650e+00  -4.8181404e+00  -1.1925817e+00   4.3588477e+00   1.1298687e+01   4.3336030e+01  -1.1503680e+01  -4.9980293e+00  -3.3653100e+01   4.6470392e+01  -3.5316038e+01   7.9612720e+00   4.9658983e+01  -7.7828410e+00   5.5891738e+01   3.6782453e+01  -1.7111551e+00
  -5.7270021e+01  -3.4054947e+01  -1.2283318e+01  -9.2161123e+00  -4.7841862e+01  -1.1379657e+01   3.5446659e+01  -6.1185762e+01   6.7091883e+00  -4.3532202e+01   1.3981419e+01  -1.0178325e+01   4.5401162e+00   2.0658820e-01  -9.8978567e+00   4.1742983e+01  -1.3550931e+01   2.0545711e+01  -3.0067918e+01   6.0630648e+01  -2.2212121e+01   9.4473565e+00   4.7526885e+01   5.4952150e+00   4.8909137e+01   3.4287960e+01   3.3201163e+01
  -5.3132624e+01  -3.9876607e+01   1.2404493e+01  -4.7506230e+00  -4.9324036e+01   4.0421944e+00   3.5082027e+01  -5.5470035e+01  -2.5548120e+01  -4.1685029e+01   6.9270325e+00   2.5760088e+01   2.7481709e+00   1.1014308e-01   3.8689769e+00   3.5893428e+01  -6.0437303e+00  -3.3056919e+01  -3.1603031e+01   5.5612023e+01   3.1063394e+01   5.5103838e+00   4.9697530e+01  -1.9155882e+00   5.1937297e+01   3.8367679e+01  -1.6618519e+01
  -3.7678865e+01  -3.2957102e+01  -4.3872976e+01   1.0349095e+01  -3.8694400e+01  -3.1204861e+01   3.3618980e+01  -6.0339716e+01   7.4004068e+00  -3.5804713e+01   1.4849488e+01  -2.9334485e+01   6.4904212e+00   3.7592547e+00  -5.0739399e+00   3.2443472e+01  -1.6987919e+01   3.2289336e+01  -3.3522708e+01   6.1660362e+01  -1.1890710e+01  -4.8459466e+00   4.2565579e+01   2.4349514e+01   2.8950264e+01   2.6144455e+01   5.7337716e+01
  -6.3454498e+01  -2.8418079e+01   5.3318801e+00  -1.6252229e+01  -4.3306986e+01   1.2422153e+01   2.9542973e+01  -6.2733746e+01   7.3819903e+00  -4.7175411e+01   1.7085393e+01  -7.4913786e+00  -4.2478689e-01  -6.2882991e-01  -8.2677040e+00   4.6306403e+01  -1.8408624e+01  -8.5642735e+00  -2.9637536e+01   6.2957999e+01   1.8975654e+00   1.7155264e+01   4.5439246e+01   1.9390296e-02   6.3939820e+01   2.8013628e+01  -2.7296228e+00
  -5.6800007e+01  -3.7328933e+01  -9.9952109e+00  -9.1305004e+00  -4.3116604e+01  -2.3927944e+01   3.7673645e+01  -4.0020432e+01  -4.1242264e+01  -4.6922782e+01   9.5467213e+00   4.3265720e+00   3.7461808e-01  -6.1555059e+00   8.3757708e+00   4.4889927e+01   8.1069878e-01  -1.3300466e+01  -3.1815874e+01   5.6751514e+01   1.0921182e+01   6.7227127e+00   3.5761517e+01   3.4883598e+01   5.5008260e+01   2.3751024e+01   2.9958762e+01
  -4.7070874e+01  -4.9259541e+01   1.0973262e+01   2.8676257e+00  -4.8014243e+01   1.3133266e+01   4.4703606e+01  -5.0987330e+01  -1.4096521e+01  -4.8041887e+01   3.4730451e-01   4.7740485e+00   1.9256665e+00   1.5045647e+00   6.2751318e+00   4.8280109e+01  -1.1434355e+00  -1.2280776e+01  -4.9225295e+01   5.0325243e+01   5.8957944e+00  -1.6351302e+00   4.8859818e+01  -9.3767742e+00   4.8196179e+01   4.8367617e+01  -5.2974319e+00
  -5.5739583e+01  -3.7137800e+01  -6.8840800e+00  -8.3491381e+00  -4.9138188e+01   3.6105109e+00   3.5439660e+01  -5.3206027e+01   2.7401137e+01  -4.1402718e+01   9.3375583e+00  -1.8481296e+01   6.2825380e+00  -5.4682204e+00  -1.5853506e+01   4.4439025e+01  -5.2554221e+00   1.6458059e+01  -2.8309812e+01   5.4515619e+01  -1.5249201e+00   1.4088164e+01   4.2989213e+01  -2.5390243e+01   3.3551865e+01   4.3363267e+01   2.0664338e+01
  -4.5099574e+01  -5.2490733e+01  -1.8190623e+00   3.4717344e+00  -4.8307638e+01  -1.2924454e+01   4.9847156e+01  -4.2173704e+01   4.7304362e+00  -4.8304528e+01  -2.8148496e+00   2.8750666e+00  -2.0501791e+00   1.3112179e+00  -1.5658977e+01   4.7518394e+01   5.3852314e+00  -1.0524874e+01  -4.0090019e+01   3.6838430e+01   3.2203198e+01  -7.2850301e+00   4.9488103e+01  -3.3470264e+00   4.1992047e+01   5.2763944e+01   4.4656930e+00
  -5.5282122e+01  -2.9658564e+01  -1.0564677e+01  -9.2766767e+00  -4.0391747e+01  -2.6947278e+01   3.6994124e+01  -5.8002699e+01  -1.9955829e+01  -4.1238428e+01   1.7573165e+01  -2.0747487e+00   5.9474556e+00   5.1453089e+00  -1.2996021e+01   4.3324472e+01  -1.8624556e+01   1.0199698e+01  -2.8469748e+01   6.5920174e+01  -1.9530306e+00   1.3115967e+01   4.5015998e+01   1.6313219e+01   3.4884956e+01   1.3022920e+01   4.7978669e+01
  -3.2902680e+01  -4.1252478e+01  -2.7016645e+01   1.7054557e+01  -3.9291396e+01  -2.6352170e+01   5.0079353e+01  -4.9437224e+01   9.7924316e+00  -3.4858776e+01   8.7087767e+00  -2.7408651e+01   1.1205822e+01   6.8705186e+00  -8.0509041e+00   2.4793449e+01  -1.4484170e+01   3.5069657e+01  -3.3345724e+01   5.8676980e+01  -2.6258471e+01  -1.7795638e+01   3.8990018e+01   1.6994737e+01   1.5769638e+01   3.1218974e+01   5.3230016e+01
  -5.4818305e+01  -3.4908934e+01  -2.0121887e+01  -5.8411378e+00  -4.4675183e+01  -2.2542621e+01   4.3857471e+01  -5.0155591e+01  -2.2407694e+01  -4.4823044e+01   1.3696395e+01  -1.3988511e+01  -1.2897872e+00  -2.7410558e+00   4.3054108e+00   4.7617495e+01  -1.1786347e+01   9.4305268e+00  -4.3352100e+01   5.2562079e+01   1.7432889e+01   4.5991315e+00   4.1675220e+01   2.6498266e+01   5.4050275e+01   3.6333417e+01   2.1393620e+01
  -3.3174380e+01  -5.8398104e+01  -3.1694642e+00   1.3929989e+01  -4.3699554e+01  -1.1239840e+01   5.9624897e+01  -3.7359964e+01   8.0418880e+00  -4.8174072e+01  -1.0705999e+01  -3.8566946e+00  -1.3309869e+00  -1.6525945e+00   1.1101956e+01   4.6796867e+01   1.0925458e+01   6.0519802e+00  -5.4498776e+01   3.7946518e+01  -1.3496753e+01  -1.3667822e+01   4.6714924e+01   1.3997761e+01   3.0494284e+01   5.6229315e+01  -7.4308336e+00
  -2.7967484e+01  -6.1745330e+01  -2.5856763e+00   1.9312861e+01  -4.6352575e+01  -7.8422917e+00   5.7630964e+01  -2.3127684e+01  -3.0030744e+01  -4.1030037e+01  -1.6184410e+01   1.3338274e+01   7.3940891e+00  -3.9982199e+00   1.5907475e+01   2.6993664e+01   1.6120801e+01  -2.5457747e+01  -5.3189589e+01   3.2307517e+01   1.2514630e+01  -7.5565889e+00   4.1310506e+01   3.0860623e+01   1.8412121e+01   6.1669396e+01  -6.7045436e+00
  -5.0398137e+01  -4.0409521e+01   1.2705655e+01  -2.7974172e+00  -4.1335730e+01   2.7982540e+01   4.5993503e+01  -4.9976787e+01   2.1289708e+01  -4.5204615e+01   7.5169902e+00  -5.6977293e-01   3.2531369e+00   5.5153924e+00   1.1600506e+01   4.4113371e+01  -1.2053768e+01  -1.1243819e+01  -4.2716166e+01   5.7433916e+01  -2.2338488e+00   1.8358814e+00   4.3876017e+01  -2.0438298e+01   4.5920443e+01   2.9433491e+01  -3.9092670e+01
  -5.2062772e+01  -4.3401612e+01  -8.6763532e+00  -2.9577868e+00  -4.8880655e+01  -1.6336676e+01   4.2159137e+01  -4.1897447e+01  -3.6725348e+01  -4.4517273e+01   3.8228422e+00   5.9153012e+00   3.6029477e+00  -8.2737157e+00   1.2089250e+01   4.2613162e+01   3.9202254e+00  -1.6711983e+01  -3.5071540e+01   4.9964613e+01   2.2699671e+01   9.6828105e+00   3.3934702e+01   3.8194512e+01   3.6551314e+01   5.0811046e+01  -4.4837347e-01
  -4.9163025e+01  -4.8477654e+01  -6.7203212e+00   3.2570411e-01  -4.8078428e+01   4.0136522e-01   4.9007778e+01  -4.8252040e+01   1.1805494e+01  -5.0186796e+01   1.3248608e+00  -2.3986314e+00  -1.3052239e+00   1.2961626e+00   8.1180028e+00   4.7775489e+01   1.3894579e+00   1.7664642e+01  -4.4378959e+01   4.3085427e+01  -2.9277098e+01   2.6529606e+00   4.6596166e+01  -1.2672964e+01   4.5272074e+01   5.1116049e+01   1.3079510e+01
  -3.4975286e+01  -5.2370039e+01   2.5915145e+01   1.3383174e+01  -4.5258309e+01   1.5384966e+01   5.3603478e+01  -4.2765056e+01  -1.4216100e+01  -4.2119545e+01  -2.8867055e+00   2.6525665e+01   2.5411462e+00   2.3602654e+00   4.6644851e+00   4.6635677e+01   6.5633756e+00  -1.8532939e+01  -5.9102143e+01   3.6845953e+01   1.3660533e+00  -1.4199943e+01   4.2583928e+01  -1.9867628e+01   3.4233440e+01   5.4926586e+01  -2.1239647e+01
  -3.2693450e+01  -6.0470912e+01  -5.1115091e+00   1.5726652e+01  -4.8032460e+01  -5.9938984e+00   6.0068718e+01  -3.0569652e+01   9.1332785e+00  -4.4670397e+01  -1.3096008e+01   5.4795821e+00  -6.3552994e-02  -1.2278231e+00  -1.3739566e+01   4.0770595e+01   1.5552161e+01   9.7339188e+00  -4.8752388e+01   3.2981288e+01   2.4459048e+01  -1.9002236e+01   4.5046451e+01  -1.3873188e+01   2.8616059e+01   5.9816956e+01  -1.0087666e+01
  -5.1640644e+01  -3.0416929e+01  -3.0648001e+01  -5.1947562e+00  -4.4813394e+01  -1.9006642e+01   2.0833888e+01  -5.5720259e+01   2.2267442e+01  -3.7762351e+01   1.7464460e+01  -2.6805401e+01   8.6659913e+00   3.0674781e+00  -1.5094896e+01   4.7049971e+01  -1.4471289e+01   1.1720430e+01  -3.5762298e+01   5.2713052e+01   8.5999172e+00   1.3955954e+01   4.7806427e+01   6.5947966e+00   3.9854245e+01   2.4370454e+01   4.2372355e+01
  -4.8753131e+01  -4.5142648e+01  -2.2346475e+01   4.8352550e-01  -4.7521676e+01  -1.3974281e+01   5.0071792e+01  -4.8953575e+01  -7.7327840e+00  -4.9496025e+01   1.6297023e+00  -4.6876777e+00   4.5909658e-01   1.1697995e+00  -2.6101294e+00   5.0365890e+01   3.8962072e-01   3.4246274e-01  -5.0241109e+01   4.3559705e+01   2.2541558e+01  -2.7556993e-01   4.5023933e+01   2.1395668e+01   4.7385532e+01   4.9845139e+01   7.0716574e+00
  -3.6738687e+01  -5.4201550e+01   1.6639907e+01   1.1825481e+01  -4.3307690e+01   2.1423801e+01   6.0542560e+01  -3.2664071e+01   1.7760946e+01  -4.7635998e+01  -5.4058502e+00   1.6142155e+01   5.7021596e-01   2.8071800e+00   5.7147449e+00   4.8302821e+01   8.3362831e+00  -8.1075004e+00  -6.0395272e+01   3.4090563e+01  -1.1737012e+01  -1.2309655e+01   4.1428033e+01  -2.3312495e+01   3.5838533e+01   4.8917104e+01  -3.4524546e+01
  -5.1726794e+01  -4.5081200e+01  -9.2743162e+00  -2.8676548e+00  -4.9365273e+01   4.4325800e-01   4.6574304e+01  -5.2974658e+01   6.9597770e+00  -4.9609772e+01   3.6807958e+00   1.5786076e+00   1.6147970e-01   3.3543373e-01   4.9890345e+00   5.0037721e+01  -3.1110895e+00   5.6833448e+00  -4.6200647e+01   5.3557583e+01   7.5157389e-01   3.6328284e+00   5.0176304e+01   3.0301015e+00   4.9998535e+01   4.2782105e+01  -1.4161381e+01
  -5.0697032e+01  -4.2876648e+01  -2.0238589e+01  -3.8501445e+00  -4.9688135e+01  -4.1459584e+00   3.4753186e+01  -5.1093213e+01   2.7600043e+01  -4.6642016e+01   6.1490272e+00  -1.1292081e+01   2.8994537e+00  -5.1427479e-01  -1.0177076e+01   4.5627209e+01  -3.7925678e+00   1.5583197e+01  -4.1240413e+01   5.0172230e+01   1.1789953e+01   4.9755235e+00   4.9358168e+01  -7.2737422e+00   5.4174233e+01   4.2285413e+01  -1.8457460e+00
  -5.4317864e+01  -4.2536050e+01   7.6230631e-01  -5.5533637e+00  -4.6450762e+01  -9.5671934e+00   3.9539834e+01  -4.9662949e+01  -3.0928031e+01  -4.9486001e+01   7.0679827e+00   4.7739156e+00  -1.3206802e+00   3.3487548e+00  -8.1206273e+00   4.7876744e+01  -5.5357952e+00  -8.9441675e+00  -3.8085969e+01   4.3755645e+01   3.6774770e+01   6.9170662e+00   4.6802826e+01   1.5200677e+01   5.4430233e+01   4.3210347e+01   4.8349687e-02
  -3.8406791e+01  -5.2269049e+01  -7.2433127e+00   9.8559340e+00  -4.9541765e+01   5.5344515e+00   5.1779869e+01  -4.1812821e+01  -2.0593065e+01  -4.4768239e+01  -4.6528069e+00   6.6212288e+00   4.7504342e+00  -2.1645080e-01   1.1933452e+01   3.9787340e+01   6.6645596e+00  -2.3067504e+01  -5.1283774e+01   3.8172108e+01   3.1592703e+01  -7.9253717e+00   4.8044063e+01   8.7323989e+00   3.6210599e+01   5.5612162e+01  -1.3510352e+01
  -5.6596908e+01  -3.2600762e+01  -1.2199112e+01  -8.4122582e+00  -4.5891036e+01  -1.3467246e+01   4.0170578e+01  -5.7686365e+01  -1.4227689e+01  -4.3515945e+01   1.3447359e+01   2.2389966e+00   3.4056589e+00   2.6410163e+00  -1.1236391e+01   4.7979242e+01  -1.2472121e+01   5.6392932e+00  -3.4570593e+01   6.2017960e+01  -5.5634005e+00   1.1325774e+01   4.7933722e+01   8.4064852e+00   4.0214451e+01   2.2610227e+01   4.0409063e+01
  -5.4275018e+01  -1.9089165e+01  -2.7705674e+01  -7.3869494e+00  -3.5914256e+01  -3.1998408e+01   2.4462121e+01  -6.0478976e+01  -2.2963005e+00  -3.7117479e+01   2.7703892e+01  -2.3701992e+01   6.9190903e+00   7.3974152e+00  -1.1518057e+01   4.8288504e+01  -1.6807631e+01   2.7202059e+00  -3.7142069e+01   5.3389151e+01   1.9196443e+01   5.1161872e+00   3.0406703e+01   3.2836471e+01   5.1135611e+01   1.3392867e+01   4.2467313e+01
  -3.8829936e+01  -5.1691023e+01   2.1599102e+01   1.0426250e+01  -4.3296118e+01   2.3430424e+01   5.7329183e+01  -4.0271007e+01   6.3727690e+00  -4.6888177e+01  -2.8593930e+00   1.4490190e+01   2.3951762e+00   4.1226948e+00   9.7571615e+00   4.1212674e+01  -1.7979411e+00  -2.1196803e+01  -5.5266173e+01   4.0917566e+01  -8.1678565e+00  -6.0255090e+00   4.9498388e+01  -9.4818241e+00   3.5646512e+01   4.5376834e+01  -3.6803162e+01
  -3.6849864e+01  -5.2238351e+01  -1.5155657e+01   1.2846932e+01  -4.6744920e+01  -1.4930436e+01   5.9024527e+01  -3.9874459e+01   2.9700234e+00  -4.2227944e+01  -4.0922510e+00  -2.7851559e+00   5.6691214e+00   2.7349121e+00  -1.5405018e+01   3.8400870e+01   1.3377364e+00   2.2366407e+01  -5.0588673e+01   4.4927347e+01  -7.9983340e+00  -1.0486585e+00   5.1690188e+01  -7.7726931e+00   1.4773690e+01   4.2259798e+01   3.8710863e+01
  -3.8726062e+01  -5.5786408e+01   1.0708571e+01   1.0211245e+01  -4.6710755e+01   1.5480627e+01   5.3372604e+01  -2.7629187e+01   3.2003061e+01  -4.7398746e+01  -6.7365152e+00   6.3620110e+00   3.3146572e-01  -3.8207988e+00  -8.2436567e+00   4.9098011e+01   6.4873649e+00  -4.2982988e+00  -5.6957286e+01   3.6862835e+01  -1.6170874e+01  -8.0890858e+00   4.2480421e+01  -2.5134227e+01   3.8157855e+01   5.4853043e+01  -1.0707213e+01
  -5.7631942e+01  -2.8539702e+01  -2.5918502e+01  -8.9940628e+00  -4.0038130e+01  -2.4453791e+01   3.9234615e+01  -5.2428025e+01  -1.9927208e+01  -4.7398014e+01   1.7025160e+01  -8.0547602e+00   1.4265002e+00   6.2683110e+00  -8.7335084e+00   5.0156196e+01  -4.9319013e+00  -8.7508295e+00  -4.1760431e+01   3.9827764e+01   3.6084558e+01   7.7363056e+00   3.3658465e+01   3.2618372e+01   5.7230831e+01   2.9158058e+01   2.7135670e+01
  -2.9892645e+01  -6.1111353e+01   8.9926578e+00   1.7381746e+01  -4.4975905e+01   1.1178800e+01   6.3142176e+01  -2.5176349e+01   1.4915194e+01  -4.5837487e+01  -1.3876751e+01   5.1645486e+00   6.7233310e-01  -2.5040627e+00  -9.2402641e+00   3.7844471e+01   1.7887735e+01   1.7262693e+01  -6.1632097e+01   3.0912131e+01  -1.0471512e+01  -1.4721839e+01   4.3109962e+01  -2.2745085e+01   3.3043343e+01   5.5734591e+01  -1.5057033e+01
  -5.0741014e+01  -4.6668419e+01  -1.0620085e+01  -1.0259112e+00  -4.8940050e+01  -5.7862611e+00   4.8458464e+01  -4.9754754e+01  -1.2925856e+01  -4.9507259e+01   2.2474005e+00  -3.3588253e-01   4.6583035e-01   8.2511183e-01  -1.1612051e+00   5.0195627e+01  -2.3678510e+00   2.9345958e+00  -4.7899706e+01   4.9811178e+01   1.4999143e+01   2.0379770e+00   4.7662589e+01   1.6268622e+01   4.8015991e+01   4.7184795e+01  -3.3730723e+00
  -3.4566931e+01  -5.7623023e+01  -1.2416591e+01   1.3303881e+01  -4.8397824e+01  -1.3095788e+00   6.0244999e+01  -3.5014237e+01   9.5635563e+00  -4.0125678e+01  -1.0349075e+01  -2.7723636e+01  -1.0620281e+00  -6.1350363e-01   1.9294256e+00   4.3404279e+01   1.0408428e+01   2.1964836e+01  -5.4118033e+01   3.7577880e+01  -2.5024532e+01  -1.2635941e+01   4.8019902e+01   8.7190957e-01   2.5555452e+01   5.5991454e+01   3.2144610e+01
  -3.3553529e+01  -5.5394288e+01  -2.5886799e+01   1.4466955e+01  -4.4175328e+01  -1.7630407e+01   6.1198497e+01  -2.6915014e+01  -1.3359038e+01  -4.6375287e+01  -8.2120015e+00  -1.5425708e+01  -2.4267427e+00  -4.8226190e+00   8.1759345e+00   4.4811615e+01   7.0106229e+00   1.9512246e+01  -4.9596258e+01   4.1670524e+01  -1.6591473e+01  -1.7107655e+01   4.1104606e+01   2.1410769e+01   2.8582406e+01   4.9733497e+01   3.9794475e+01
  -3.0388921e+01  -4.6097482e+01   3.6064364e+01   1.8111242e+01  -3.9290044e+01   2.5993760e+01   5.8234897e+01  -4.0354778e+01  -3.8263203e+00  -3.8024579e+01   3.1969761e+00   3.2607961e+01   3.7231029e+00   3.7943727e+00   5.0958332e+00   3.6572779e+01  -4.8523675e+00  -3.1596007e+01  -5.1185278e+01   4.7535137e+01   1.3588307e+01  -1.6079891e+01   4.1246248e+01  -2.1459893e+01   1.9036648e+01   3.4821938e+01  -5.6468004e+01
  -5.7954935e+01  -3.2402188e+01   2.2919796e+01  -1.2109769e+01  -4.7367721e+01   9.7192804e+00   3.1797920e+01  -6.2111155e+01  -9.1154219e+00  -4.3222139e+01   1.5289772e+01   2.0017781e+01  -2.0634936e+00  -2.6955956e-01  -3.7282314e+00   4.1876979e+01  -1.5000888e+01  -2.2495831e+01  -2.4474571e+01   6.1591829e+01   2.2173742e+01   1.1424246e+01   4.7510844e+01  -9.6539316e+00   5.4725764e+01   3.2759067e+01  -2.9837183e+01
  -4.8646250e+01  -3.2246504e+01  -1.5719898e+01  -8.8640120e-01  -4.3561812e+01  -2.5257400e+01   3.8494639e+01  -6.0049211e+01   7.6766600e-01  -3.7588657e+01   1.6456249e+01  -1.8129189e+01   1.0361640e+01   3.4544569e+00  -1.2492002e+01   3.2725871e+01  -1.7788938e+01   2.6859901e+01  -2.4007662e+01   6.4301067e+01  -2.3283910e+01   2.9109680e+00   4.5067877e+01   1.4207031e+01   2.6635853e+01   2.4366816e+01   5.3047800e+01
  -2.0878005e+01  -4.9761129e+01   3.4110686e+01   2.5301210e+01  -3.9212678e+01   1.8104117e+01   6.0171603e+01  -3.3523650e+01  -1.7275124e+01  -3.0324457e+01  -9.1069814e-01   3.9050322e+01   9.5564823e+00   7.5651157e+00   1.0107771e+01   3.0279566e+01   2.3760083e+00  -3.5098722e+01  -5.8094774e+01   2.8123185e+01   9.2872057e+00  -1.4850828e+01   4.8220903e+01  -5.7475176e+00  -1.1607974e+00   3.7122942e+01  -5.2538738e+01
  -3.4877187e+01  -4.2309540e+01   3.1710484e+01   1.4721591e+01  -4.0693594e+01   2.5599022e+01   5.1962880e+01  -4.6092989e+01  -7.3241137e+00  -3.6092969e+01   7.5652579e+00   3.5031081e+01   6.0914064e+00   5.4088644e+00   8.2761105e+00   4.1395643e+01  -1.1492079e+00  -2.6517604e+01  -5.8972260e+01   3.0738389e+01  -2.9102434e+00  -1.3053459e+01   4.3205429e+01  -1.8273727e+01   2.8824354e+01   4.3327391e+01  -4.5591009e+01
  -3.6102850e+01  -5.5428150e+01   1.3285025e+01   1.2668670e+01  -4.4922765e+01   1.6609814e+01   6.0812005e+01  -3.5647899e+01   6.8002674e+00  -4.5006091e+01  -8.9689283e+00  -2.9125231e+00   1.8832518e+00   3.3545705e+00   9.3263112e+00   4.3985225e+01   4.6078857e+00  -1.7619865e+01  -5.9593448e+01   3.8094605e+01   5.6083613e+00  -1.3836506e+01   4.5082487e+01  -1.3309620e+01   3.5189743e+01   5.3828194e+01  -1.7787771e+01
  -5.9377961e+01  -3.8115772e+01   3.2811302e+00  -1.1171863e+01  -4.8393189e+01  -5.1214043e+00   3.7353559e+01  -5.9025758e+01  -1.0800831e+01  -4.8377600e+01   1.0528304e+01   6.9114203e+00   1.4495976e-01  -9.6880313e-02   1.1606504e+00   4.8663446e+01  -1.0701949e+01  -4.6518976e+00  -3.7790525e+01   5.9395770e+01   5.8269876e+00   1.0896286e+01   4.8729158e+01   1.8361474e+00   5.9659698e+01   3.7680317e+01   1.5577970e+00
  -4.3061046e+01  -4.0130519e+01  -1.4841026e+01   5.5914667e+00  -5.0873904e+01  -1.0656212e+01   2.8844395e+01  -5.3951285e+01   3.3500679e+01  -3.1578656e+01   6.6598534e+00  -2.8213227e+01   1.5028580e+01  -1.7970197e+00  -1.2205512e+01   1.6167110e+01  -5.7612033e+00   3.7624087e+01  -1.9978657e+01   5.4551981e+01  -3.6685780e+01   2.0679942e+01   4.7736149e+01  -8.3940362e+00   8.3068655e+00   4.3565948e+01   3.9871028e+01
  -6.0959185e+01  -3.3414666e+01   2.7858747e+00  -1.3509254e+01  -4.7336428e+01  -4.6092990e+00   3.1078088e+01  -5.6526487e+01  -2.5285655e+01  -4.6172908e+01   1.4023104e+01   8.3557899e+00   1.4689392e+00  -1.1022893e+00   7.1405162e+00   4.6634592e+01  -1.0924336e+01  -1.1927551e+01  -3.1855106e+01   6.0158139e+01  -4.5499897e+00   1.3743122e+01   4.7185430e+01   1.1340588e+01   5.9571712e+01   2.7937532e+01   1.6749725e+01
  -4.5512253e+01  -3.7501416e+01   2.5523229e+01   1.6299233e+00  -4.7926862e+01   1.2522862e+01   3.1675180e+01  -5.7452645e+01  -2.6291571e+01  -3.4456869e+01   1.1254286e+01   2.6513290e+01   1.0633804e+01   9.9713499e-01   7.4855820e+00   2.0476009e+01  -1.0723304e+01  -4.0115220e+01  -1.8568747e+01   5.6849673e+01   3.9547608e+01  -1.2699451e+00   4.7522579e+01  -6.4318994e+00   3.5392900e+01   3.6980554e+01  -3.8753882e+01
  -3.0027393e+01  -6.3297915e+01   1.7187611e+00   1.6207529e+01  -4.5793945e+01   9.1982671e+00   6.0465170e+01  -2.5780830e+01   2.1061506e+01  -4.6278145e+01  -1.6770309e+01  -6.7130188e+00   1.3680103e+00  -1.8742063e+00  -9.5325950e+00   4.6532764e+01   1.7358038e+01  -3.1765164e-02  -5.9679683e+01   2.8960390e+01   8.4230941e+00  -1.7445723e+01   4.4279016e+01  -1.3523029e+01   2.8857470e+01   6.2919761e+01  -1.0601220e+01
  -3.6499919e+01  -5.8825104e+01   1.8226212e-01   1.2396506e+01  -4.8378127e+01   2.7404832e-01   5.9503261e+01  -3.6507338e+01   1.2111235e+01  -4.6693202e+01  -1.1022503e+01  -1.0358861e+01   1.9268037e+00   2.7079647e-02  -6.6056737e+00   4.4507903e+01   1.0919334e+01   1.7233136e+01  -5.6437167e+01   3.6274214e+01  -2.3335583e+01  -1.1973278e+01   4.7967297e+01  -3.6817414e+00   3.3269092e+01   5.9545148e+01   1.4181178e+01
  -5.0582920e+01  -4.6599329e+01  -1.2403174e+00  -7.9477330e-01  -4.9619759e+01   2.2263087e+00   4.8623143e+01  -4.9549794e+01   9.8331930e+00  -4.8066400e+01   2.8521554e+00   5.7035874e+00   4.1664738e-01  -3.3228358e-01  -6.0969833e+00   4.5288063e+01  -3.8675873e-02   1.5959077e+01  -4.8086041e+01   5.1105014e+01  -7.3983685e+00   1.8380060e+00   4.9520898e+01  -9.6522715e+00   5.1364275e+01   4.2661775e+01  -9.3342259e+00
  -5.2878122e+01  -4.2539173e+01   9.4879822e-01  -3.3881803e+00  -4.7939418e+01   5.5948812e+00   4.6462862e+01  -5.0165193e+01   2.4413224e+00  -4.8462079e+01   6.3050806e+00   1.0684103e+01  -2.0165466e+00   4.5862256e-01  -6.8855708e+00   4.5147710e+01  -6.5326899e+00  -2.1944730e+01  -3.6335531e+01   5.1764120e+01   2.7610221e+01   1.0191716e+01   4.5797263e+01   1.0300867e+01   4.1278171e+01   4.2851388e+01  -2.8749891e+01
  -5.8807986e+01  -3.6455841e+01   8.6851726e+00  -1.1451387e+01  -4.6882468e+01  -3.5068265e+00   3.6435592e+01  -5.8122935e+01  -1.2479123e+01  -4.6192709e+01   1.1222055e+01   1.6911632e+01   1.7165222e+00  -7.1606016e-02   8.1275870e+00   4.9560759e+01  -1.1217055e+01  -1.1841377e+00  -3.7284213e+01   5.8789466e+01   4.3417000e+00   1.1418433e+01   4.8311182e+01   6.5846296e-02   5.4604988e+01   3.4427203e+01  -2.0961851e+01
  -5.7039218e+01  -3.5124269e+01  -1.7757658e+01  -1.0986615e+01  -4.8677605e+01  -3.7767820e+00   3.1188508e+01  -5.8306872e+01   2.1293842e+01  -4.2164532e+01   1.2529727e+01  -2.0557724e+01   4.9921971e+00  -2.1652949e+00  -1.2792469e+01   4.2600007e+01  -9.6677172e+00   1.9291270e+01  -3.3163542e+01   5.4747401e+01   4.6742036e+00   1.3576044e+01   4.7070978e+01  -1.1340904e+01   5.0997151e+01   3.9593652e+01   2.0966221e+01
  -2.0694738e+01  -2.2999373e+01  -4.5017473e+01   2.7945834e+01  -2.6581066e+01  -3.4004718e+01   3.7321781e+01  -5.8863395e+01   3.0082175e+00  -2.0694855e+01   2.4549444e+01  -2.9552690e+01   1.6697514e+01   8.6871612e+00  -3.9422112e-01   1.5717102e+01  -2.6850831e+01   3.4764154e+01  -1.6494159e+01   7.0380223e+01  -1.0006014e+01  -1.5875852e+01   3.5816517e+01   2.6119827e+01  -2.3922627e+01  -4.1386798e+00   5.5082918e+01
  -5.0482263e+01  -4.6086876e+01   4.9073249e+00  -6.6995778e-01  -5.0218325e+01   6.1978241e+00   4.9285041e+01  -4.9391462e+01   4.2447660e+00  -4.6155051e+01   1.1123011e+00  -1.1014762e+01  -1.3046923e+00  -4.5644844e-01   1.1030291e+01   4.3482594e+01  -2.1697598e+00  -1.1131919e+01  -4.3407084e+01   5.0994994e+01  -1.3055757e+01   5.0094064e-01   4.9510480e+01   1.0816436e+01   4.8750473e+01   4.6705097e+01  -1.9942041e+00
  -5.5011923e+01  -3.1893109e+01  -1.6524818e+01  -7.1568496e+00  -4.5827185e+01  -2.0491361e+01   3.6908892e+01  -6.0484361e+01  -1.9609099e+00  -4.1796975e+01   1.5700727e+01  -2.4283162e+01   1.4895081e+00   6.7218749e-01  -4.2725800e+00   4.2939812e+01  -1.5333522e+01   1.8655340e+01  -3.6949322e+01   5.9959079e+01  -1.5301725e+00   7.6566553e+00   4.5893977e+01   1.6146922e+01   5.1920202e+01   3.1312207e+01   3.4260741e+01
  -5.3123300e+01  -4.2545102e+01   1.0239476e+00  -4.3844320e+00  -4.7619393e+01   1.0962681e+01   4.4800571e+01  -5.4835560e+01   5.5609765e+00  -4.8135248e+01   7.1971577e+00   1.9580753e+00   6.7869439e-01  -6.7418826e-01  -5.5203077e+00   5.0205627e+01  -5.4988627e+00  -5.6529443e-01  -4.3428212e+01   5.3609465e+01  -1.6061000e+01   6.1976941e+00   4.8524682e+01  -1.2599712e+01   4.7188606e+01   4.1841803e+01   1.5240633e+01
  -3.1839230e+01  -5.0572815e+01   2.2569022e+01   1.7448694e+01  -4.2469153e+01   2.0323519e+01   6.3370878e+01  -3.3472523e+01   2.7065455e+00  -3.9957131e+01  -1.2351769e+00   2.2432442e+01  -7.1694623e-01  -5.6699068e+00  -8.2395977e+00   4.6048307e+01   1.2021699e+01  -8.7243418e+00  -6.4826186e+01   2.3780209e+01  -1.3012299e+01  -1.7988554e+01   3.9654016e+01  -2.0383555e+01   2.8460169e+01   5.7963650e+01  -1.7671734e+01
  -1.9122380e+01  -5.4880282e+01   2.7493025e+01   2.6835849e+01  -3.9466593e+01   1.5234324e+01   6.7836108e+01  -2.0199914e+01  -5.9292960e+00  -3.3205612e+01  -7.4029441e+00   3.4392608e+01  -2.9357043e-01  -1.5297361e+00  -2.7876553e+00   4.1861439e+01   2.0895282e+01  -1.7624976e+01  -6.6401501e+01   2.0408259e+01   9.3979815e+00  -2.5834479e+01   4.0491256e+01  -1.1840833e+01   8.3241465e+00   4.1684671e+01  -4.8335178e+01
  -3.4252051e+01  -5.1144056e+01  -2.4802715e+01   1.2558491e+01  -3.4164984e+01  -2.9512878e+01   5.7089346e+01  -1.3850323e+01  -3.9829741e+01  -4.8643203e+01  -6.6153495e+00  -7.1869883e+00  -6.9197340e-01   7.3969042e+00  -5.0459318e+00   4.8348822e+01   1.6194608e+01  -8.3031447e-01  -5.4214346e+01   5.1031374e+00   4.1109291e+01  -7.5335215e+00   2.2997728e+01   4.1963337e+01   2.7338436e+01   5.4082336e+01   2.4135942e+01
  -4.0834358e+01  -4.8443335e+01   2.5487356e+01   7.8835948e+00  -4.7696443e+01   1.4261003e+01   4.2560671e+01  -5.1472273e+01  -2.1561933e+01  -4.1100185e+01   1.5090839e+00   2.7659805e+01   3.3034498e+00   1.1624794e+00   4.6765485e+00   3.8275133e+01  -2.5328000e+00  -3.0867168e+01  -4.2219126e+01   5.1411854e+01   2.4743879e+01  -4.3995105e+00   4.8946303e+01  -7.8694922e+00   3.6530330e+01   4.7115132e+01  -3.6529998e+01
  -5.8116660e+01  -3.3422536e+01  -5.3473357e+00  -1.0248060e+01  -4.7759077e+01  -3.5807700e+00   3.6950615e+01  -5.9174887e+01  -1.5496037e+01  -4.4876021e+01   1.2570264e+01   9.1227119e+00  -6.2439661e-03   8.1704302e-01  -9.5518770e+00   4.5953740e+01  -1.3846291e+01   3.5994239e+00  -3.6949786e+01   6.0650941e+01  -2.1028907e+00   1.0814404e+01   4.7506280e+01   4.7018359e+00   5.6478012e+01   3.2658261e+01   1.8654939e+01
  -5.1740553e+01  -4.2973520e+01   1.2293182e+01  -2.1169046e+00  -4.8469131e+01   1.4993519e+01   4.7293776e+01  -4.7315034e+01   2.2560069e+01  -4.5728910e+01   4.9424418e+00  -6.6524292e-01   1.2001282e+00  -7.1521988e+00  -1.2969106e+01   4.4434466e+01   1.1796682e+00   1.0724185e+01  -3.6253009e+01   5.2808778e+01  -1.1574922e+01   4.9099623e+00   3.7380363e+01  -3.5398730e+01   3.8001043e+01   4.9598633e+01   3.7046379e-02
  -5.2409222e+01  -4.1403056e+01  -4.1736741e+00  -5.0942135e+00  -4.6722681e+01   1.1104645e+01   4.0956810e+01  -5.6765042e+01  -5.6045879e+00  -4.9207340e+01   7.9756434e+00   3.0688824e+00  -2.5933175e-01   6.7249367e-01  -4.0961813e+00   4.8869849e+01  -7.4827046e+00  -8.5643391e+00  -3.9996180e+01   5.4765154e+01   1.8161329e+01   8.8429866e+00   4.7757962e+01   1.0055960e+01   4.8296641e+01   4.1202229e+01  -1.9952034e+01
  -5.1072477e+01  -4.3519506e+01   5.3426253e+00  -1.0977445e+00  -4.4875007e+01   6.1814893e+00   3.9487357e+01  -4.4094555e+01   3.5375968e+01  -4.9512498e+01   3.4283282e+00  -1.1793880e+01  -3.9819335e+00   4.9767834e+00   8.8506900e+00   4.2242844e+01   5.2744493e+00   2.7946538e+01  -3.8474132e+01   4.3808552e+01  -3.9146541e+01   7.4365694e+00   4.4661007e+01  -1.9354550e+01   5.4972014e+01   3.0339947e+01  -1.3402339e+01
  -4.9798358e+01  -4.0788314e+01   4.0924360e+00  -1.1187434e+00  -4.9723922e+01  -3.0103817e+00   4.6244188e+01  -5.3280393e+01   1.2613453e+01  -4.3696378e+01   5.8767381e+00  -1.2793616e+01   5.7986680e+00  -1.2098622e+00  -1.2936884e+01   4.2371845e+01  -4.1463003e+00   2.1030454e+01  -3.6981786e+01   5.3078122e+01  -2.7858265e+01   1.0871219e+01   4.8518573e+01  -1.4099614e+01   2.6309345e+01   4.1675358e+01   3.2962416e+01
  -5.1994003e+01  -4.3711208e+01   6.0606893e+00  -2.4916378e+00  -4.9150667e+01   1.0555385e+01   4.6649165e+01  -5.3208455e+01   2.2592425e+00  -4.5592172e+01   4.2841827e+00  -6.4323099e+00   1.5223202e+00   6.8476445e-01   9.9470920e+00   4.8720010e+01  -3.9221437e+00  -5.9081361e+00  -4.6603032e+01   5.2416517e+01   7.1362569e+00   2.6803309e+00   4.9503619e+01  -7.9604058e-01   4.7109019e+01   4.3103390e+01  -2.2822180e+01
  -5.4896121e+01  -1.6315567e+01  -3.3031199e+01  -8.5919684e+00  -3.4954874e+01  -3.6022769e+01   1.1735033e+01  -6.7385087e+01  -3.8245869e+00  -3.6315101e+01   2.7323082e+01  -1.7175677e+01   6.2159519e+00   3.0371281e+00  -7.0774352e+00   3.3156212e+01  -2.9092754e+01   2.0160485e+01  -1.7651526e+01   6.8701986e+01   3.8077275e+00   1.6430162e+01   3.9388976e+01   2.5702878e+01   4.9917359e+01   9.2971110e+00   4.7460577e+01
  -3.9748260e+01  -3.0654226e+01  -3.7375169e+01   9.9357730e+00  -3.6158625e+01  -3.6280442e+01   2.7275448e+01  -6.2175875e+01   2.7379943e+00  -3.4530872e+01   1.8240773e+01  -2.8316589e+01   9.4830058e+00   5.3466379e+00  -8.4037825e+00   2.2594569e+01  -2.1621057e+01   3.1606595e+01  -3.5430221e+01   5.9273165e+01   2.4096670e-01   8.8950667e+00   4.6715578e+01   1.9672278e+01   3.1525491e+01   2.1033630e+01   5.6118148e+01
  -5.0197201e+01  -4.5077108e+01   8.1213702e+00  -4.8592348e-01  -4.5645991e+01   1.3456696e+01   4.6706510e+01  -4.6136780e+01  -3.0549274e+00  -4.9953443e+01   4.8291878e+00   1.1171424e+01  -3.1532689e-03   4.3515866e+00   1.3350357e+01   4.9893434e+01   1.1915868e+00   1.2752716e+01  -4.8139323e+01   4.1948904e+01  -2.2277625e+01   1.8050560e+00   3.9600573e+01  -2.2064893e+01   5.0374043e+01   4.4938042e+01  -1.1455118e+01
  -5.6165628e+01  -3.7859561e+01   6.6399064e+00  -7.8228163e+00  -4.7762648e+01   1.4697520e+01   3.6414570e+01  -5.9647245e+01  -5.3478109e+00  -4.5655289e+01   1.0925485e+01   3.5412242e+00   2.9298553e+00   8.0433426e-01   9.6328164e+00   4.5328467e+01  -1.1211221e+01  -1.3991161e+01  -3.6838348e+01   5.9153196e+01   1.3366327e+01   8.7714270e+00   4.8512786e+01  -4.1460597e+00   5.3037764e+01   3.7084875e+01  -2.4392762e+01
  -3.1909197e+01  -5.8226551e+01   1.6793271e+00   1.6123577e+01  -4.4372692e+01   7.1848583e-01   6.4159100e+01  -3.1789922e+01  -5.1349293e+00  -4.5363117e+01  -1.2661054e+01  -1.3901994e+01   2.4192690e+00   1.9595682e+00  -1.2146721e+01   4.6761662e+01   1.3196306e+01   8.0396083e+00  -6.0059739e+01   3.4313496e+01  -5.1042148e+00  -1.2375208e+01   4.9325383e+01  -6.0145873e+00   2.0243654e+01   4.8255466e+01   3.1865026e+01
  -4.8953113e+01  -3.7634647e+01  -2.4766348e+01   8.5993899e-01  -4.1172046e+01  -2.7245597e+01   4.0781467e+01  -5.4333924e+01  -1.7094857e-01  -4.5086497e+01   1.1672897e+01  -1.7430453e+01   3.7742373e+00   5.2744209e+00  -8.9635678e+00   4.8653424e+01  -6.0102750e+00   9.9709057e+00  -4.9499576e+01   3.5701152e+01   2.6194857e+01  -1.8890158e-01   4.3393901e+01   2.3148716e+01   4.9659021e+01   4.3108522e+01   1.9262436e+01
  -4.2332462e+01  -5.2134112e+01   1.4013688e+01   5.4929108e+00  -4.8519260e+01  -1.1670489e-01   5.1724263e+01  -4.5407266e+01  -1.8904863e+01  -4.6703485e+01  -2.3682669e+00   1.1950696e+01  -1.5166598e+00   1.2637460e-01  -9.3083381e+00   4.8321497e+01   2.8766851e+00  -6.3693194e+00  -5.4558944e+01   4.5758632e+01   9.0031379e-01  -4.7220991e+00   4.9325302e+01  -9.8986315e-01   4.4294979e+01   5.0341912e+01   8.8243909e+00
  -3.4463176e+01  -5.9074503e+01   1.2790977e+01   1.3130804e+01  -4.4466466e+01   1.7423813e+01   5.8563353e+01  -2.5062627e+01   2.5145556e+01  -4.8397889e+01  -1.1532203e+01   6.0406801e+00  -7.3545645e-01  -2.6114380e+00  -6.1546390e+00   4.7944169e+01   7.6635797e+00  -1.1140564e+01  -5.9974239e+01   3.5961993e+01  -4.4621982e+00  -1.1588276e+01   4.5804362e+01  -1.2332608e+01   3.5520711e+01   5.3317304e+01  -2.7311017e+01
  -5.1788031e+01  -4.2266557e+01  -2.0273590e+01  -5.0844864e+00  -4.9510116e+01  -3.9545899e+00   3.3802521e+01  -5.2012359e+01   2.7374939e+01  -4.4133969e+01   7.1441163e+00  -2.0246793e+01   4.4822350e+00  -1.0915203e+00  -1.1961925e+01   4.6986294e+01  -5.6828518e+00   1.3967298e+01  -4.0873967e+01   5.0760666e+01   3.9806493e+00   7.5711999e+00   4.8672015e+01  -8.2137476e+00   4.9038203e+01   4.3986607e+01   1.9327759e+01
  -3.8471641e+01  -4.6040696e+01   9.3482891e+00   1.1527801e+01  -4.6486323e+01   9.6635982e+00   6.0755675e+01  -3.7907319e+01   7.9220030e+00  -3.8035852e+01   3.9391183e+00   1.0730261e+01   3.2905308e+00  -4.4491236e+00  -1.6137560e+01   4.7949211e+01   9.9479416e+00   1.1408090e+00  -5.8422721e+01   2.7948066e+01  -2.8124059e+01  -1.2954927e+01   4.2765979e+01  -1.3482847e+01   2.4361923e+01   5.0282355e+01   1.8939505e+01
  -5.7815134e+01  -3.0897190e+01   1.8841383e+01  -1.0518526e+01  -4.6777905e+01   1.5549911e+01   3.8531494e+01  -5.1924619e+01   2.3772252e+01  -4.1942785e+01   1.6511972e+01   1.8178122e+01  -2.2799703e+00  -2.3017494e+00  -5.7573135e+00   4.6609189e+01  -1.2770795e+01  -6.2565491e+00  -3.0186072e+01   6.2237873e+01   1.7184230e+00   7.1741821e+00   4.2775888e+01  -2.5215618e+01   5.0427622e+01   2.3146525e+01  -4.0830611e+01
  -4.7934297e+01  -4.7953395e+01   1.5446757e+01  -1.4266402e+00  -4.7353125e+01  -2.9023507e+00   4.5161075e+01  -4.3604496e+01  -2.0665947e+01  -4.9595024e+01   1.9525983e+00   1.2870026e+01   3.7046168e-01   3.7685389e-01   1.1883529e+01   5.0076209e+01  -2.3983568e+00   7.2271248e+00  -4.8495250e+01   4.8394095e+01  -5.6236851e+00   1.4840259e+00   4.7639319e+01  -4.3959915e+00   5.0359439e+01   4.2946508e+01  -1.3839462e+01
  -4.9322000e+01  -4.8371083e+01  -1.5525678e+00  -1.1222491e+00  -4.7229622e+01  -1.4799495e+01   4.6017368e+01  -4.4572009e+01  -3.1255302e+01  -4.6091532e+01  -1.0537711e+00   1.4278922e+01  -1.7319234e+00   2.3726664e+00  -8.5352103e+00   4.8219225e+01   3.1250564e-01  -9.3342592e+00  -4.2775187e+01   4.6931027e+01   2.7933996e+01   4.5796514e-01   5.0941445e+01   3.1386118e+00   4.6348333e+01   4.0668841e+01   2.0125305e+01
  -4.4785188e+01  -5.3061470e+01  -5.2879841e+00   4.1608545e+00  -4.7598698e+01  -1.3921865e+01   5.3578348e+01  -4.2163254e+01  -1.9299691e+01  -4.9918819e+01  -3.3801005e+00  -2.9551485e+00  -1.4954359e-01   1.2567568e+00  -4.1927966e+00   4.9493725e+01   3.1406579e+00   1.4665500e+00  -5.3952371e+01   4.4020302e+01   1.2437663e+01  -4.1404015e+00   4.7003879e+01   1.5587931e+01   4.5713396e+01   5.0781926e+01   1.6165340e+01
  -5.9025078e+01  -3.4113737e+01  -2.0197523e+00  -1.1246209e+01  -4.7858592e+01   3.2961351e+00   3.6307267e+01  -5.8371413e+01  -8.0240908e+00  -4.7416357e+01   1.2099570e+01   1.3131743e+01  -2.8537046e+00   4.8081222e-01  -6.3406604e+00   4.3456147e+01  -1.0750229e+01  -2.1482039e+01  -2.8481346e+01   5.4789991e+01   3.0992128e+01   1.1131045e+01   4.7877219e+01   1.2756003e+00   5.8128236e+01   3.5846380e+01  -1.0829064e+01
  -5.5336672e+01  -2.3482274e+01   3.2298721e+01  -7.2803478e+00  -3.7269469e+01   3.3010674e+01   3.6111558e+01  -5.7804324e+01   1.9029889e+01  -4.2018199e+01   2.2138058e+01   1.6760955e+01   1.2990738e+00   1.5259126e+00   2.6563353e+00   4.4589865e+01  -1.9115309e+01  -1.1487404e+01  -3.6946766e+01   5.7043128e+01  -1.8678383e+01   6.5468261e+00   3.6646181e+01  -3.2544668e+01   5.3034663e+01   2.0318095e+01  -4.1046116e+01
  -4.6015898e+01  -4.6453555e+01   1.8324646e+01   3.6825386e+00  -4.3945009e+01   2.3223684e+01   5.2785794e+01  -3.4686720e+01   2.5238131e+01  -4.8094408e+01   3.3097028e+00   1.3931260e+01  -2.6992849e+00  -3.7373920e+00  -5.8081608e+00   4.6074339e+01  -7.4682390e+00  -1.6176456e+01  -5.0001967e+01   4.8814233e+01  -6.7013647e+00  -2.1362033e+00   4.4094928e+01  -2.0364328e+01   4.6405089e+01   4.0072052e+01  -3.1667412e+01
  -5.0364250e+01  -2.2002044e+01  -2.4344385e+01  -4.4308330e+00  -3.2801602e+01  -4.0881941e+01   2.5132548e+01  -6.2140267e+01  -1.3218802e+01  -3.6353534e+01   2.5321520e+01  -1.6333135e+01   1.0101254e+01   6.9465119e+00  -1.4256654e+01   1.9977078e+01  -2.6553664e+01   2.1523316e+01  -2.5382596e+01   5.7227655e+01   2.0567232e+01   2.2685461e+01   4.3955041e+01   1.6920365e+01   3.8634872e+01   1.0046849e+01   5.0024003e+01
  -4.3627102e+01  -4.4113974e+01   2.9065993e+01   4.0057219e+00  -4.9530048e+01   1.4861055e+01   3.7284978e+01  -5.3680554e+01  -2.2223502e+01  -4.0942674e+01   4.8676925e+00   1.9391792e+01   8.4685296e+00   2.4575843e-01   1.3295015e+01   3.5003416e+01  -4.1744044e+00  -2.8851894e+01  -3.8684320e+01   5.1748207e+01   2.1547055e+00   1.0743436e+01   5.0049908e+01   9.5040359e+00   2.7748014e+01   4.4587415e+01  -3.7197201e+01
  -4.2705224e+01  -3.6885898e+01  -1.6066033e+01   6.1143248e+00  -4.2349674e+01  -2.5382619e+01   5.2667396e+01  -4.7720353e+01  -7.9479610e+00  -3.9860560e+01   1.1226137e+01  -2.9375428e+01   7.4413578e+00   6.3048543e+00  -1.3938150e+01   3.8322890e+01  -1.0158456e+01   2.1773058e+01  -4.9463576e+01   4.1080474e+01   9.5668447e+00  -6.1830123e-02   4.8410724e+01   1.1961616e+01   2.7545222e+01   3.0092192e+01   4.9408673e+01
